1	0.0	0.0
2	0.0	0.0
3	0.0	0.0
4	0.0	0.0
5	0.0	0.0
6	0.043478260869565216	0.16666666666666666
7	0.08695652173913043	0.2857142857142857
8	0.08695652173913043	0.25
9	0.08695652173913043	0.2222222222222222
10	0.08695652173913043	0.2
11	0.08695652173913043	0.18181818181818182
12	0.08695652173913043	0.16666666666666666
13	0.08695652173913043	0.15384615384615385
14	0.08695652173913043	0.14285714285714285
15	0.13043478260869565	0.2
16	0.13043478260869565	0.1875
17	0.13043478260869565	0.17647058823529413
18	0.13043478260869565	0.16666666666666666
19	0.13043478260869565	0.15789473684210525
20	0.13043478260869565	0.15
