1	0.016710824489334104	0.14403973509933773
2	0.020937220163418552	0.09188741721854304
3	0.023476108795022408	0.0689845474613687
4	0.029647830501658413	0.06498344370860927
5	0.031156767277674316	0.054304635761589316
6	0.061108950830082415	0.08885209713024268
7	0.08410280633994333	0.1059602649006626
8	0.09570856527305296	0.10596026490066225
9	0.10436878034075782	0.10246504782928652
10	0.11017323524070359	0.0971854304635765
11	0.11670667290214752	0.0934677904876583
12	0.12441155965307403	0.09202538631346593
13	0.13039366969243663	0.08991339786041802
14	0.13299306165441135	0.08514664143803222
15	0.13492200100056922	0.08068432671081703
16	0.13928237717603778	0.07822847682119205
17	0.14229006209597436	0.07537982080249343
18	0.14660205166043463	0.07339955849889655
19	0.14856258652659857	0.07049494597420727
20	0.15167057959951846	0.06837748344370861
