1	0.013809222247805066	0.11423841059602649
2	0.017311150732010575	0.07367549668874172
3	0.019660080145350617	0.057395143487858694
4	0.022001767372117703	0.048013245033112585
5	0.023168089309281086	0.04039735099337741
6	0.05333688310606837	0.07698675496688738
7	0.07362199509627285	0.09271523178807965
8	0.08611529845266906	0.09519867549668874
9	0.09535473366696483	0.09400294334069191
10	0.102697772342785	0.09072847682119227
11	0.11023086935020696	0.08895243829018688
12	0.11768093847325539	0.08705849889624737
13	0.12277343891756422	0.08418237391747353
14	0.13259302579626892	0.08420056764427629
15	0.1363487270293142	0.08068432671081707
16	0.14077870492053088	0.078125
17	0.14417813530889473	0.07537982080249343
18	0.14851800371430654	0.07312362030905104
19	0.15147133460516177	0.07075636110142929
20	0.15271091156177222	0.06779801324503305
