1	0.012114137287965529	0.10596026490066225
2	0.01746971474324465	0.076158940397351
3	0.022506288801036903	0.06677704194260488
4	0.024879745458433952	0.054635761589403975
5	0.026354103513917832	0.04602649006622508
6	0.0643387681396283	0.09464679911699765
7	0.08519214017577569	0.10927152317880826
8	0.09721429279710721	0.10947847682119205
9	0.10688427355662518	0.10761589403973545
10	0.11451367174598995	0.10413907284768244
11	0.12237322998616296	0.10099337748344397
12	0.12803520948407618	0.09699227373068443
13	0.13339986699454132	0.09386143657666864
14	0.13909363541006414	0.09129612109744566
15	0.14099863329503554	0.0865342163355411
16	0.14446938599275555	0.08309188741721854
17	0.14781300161090064	0.08005453837164024
18	0.1520809311147445	0.07781456953642421
19	0.154295976508585	0.07520041826420382
20	0.1572166577405245	0.07293046357615889
