1	0.011893285659829136	0.10099337748344371
2	0.01687400052562386	0.0728476821192053
3	0.018687631687459974	0.055739514348785844
4	0.021634325474205584	0.04842715231788079
5	0.023144758565764503	0.04105960264900656
6	0.05489182957943794	0.07891832229580567
7	0.0733112016297252	0.09153263954588478
8	0.08756454802829026	0.09602649006622517
9	0.09556515787174867	0.0938189845474615
10	0.10316339386325561	0.09139072847682146
11	0.11001051710328581	0.08895243829018681
12	0.11584243873012721	0.0860927152317881
13	0.12511704159134557	0.0855832908813043
14	0.13229607755374992	0.08431882686849584
15	0.13476966632700754	0.08013245033112604
16	0.13834449933064855	0.07709023178807947
17	0.14329595951073157	0.07508765095442164
18	0.14639456549938426	0.07220382634289939
19	0.14968524685003226	0.07005925409550377
20	0.15183079262140584	0.06754966887417228
