1	0.013966378300961467	0.10596026490066225
2	0.01854750817182643	0.07450331125827815
3	0.020624157364515745	0.05684326710816773
4	0.022972259960962717	0.04842715231788079
5	0.024311933899974398	0.04105960264900656
6	0.059744637298176174	0.08664459161147892
7	0.08315986761713663	0.10241248817407782
8	0.09452762554094246	0.10285596026490067
9	0.10450788660050202	0.10209713024282588
10	0.11227073359541649	0.09917218543046394
11	0.12012748844403931	0.09647802528597259
12	0.12573737768825233	0.0927152317880796
13	0.12916981032184394	0.08825776872134519
14	0.13307819498353987	0.08455534531693477
15	0.1373362779655711	0.0814569536423844
16	0.14161844706049523	0.07884933774834436
17	0.14639793517291097	0.07664589014413734
18	0.14907493907311978	0.0741353936718178
19	0.15223591208703396	0.07188915998605809
20	0.15534914180207202	0.06986754966887412
