1	0.015344315820309191	0.12748344370860928
2	0.02129857195351934	0.0902317880794702
3	0.02438501510836611	0.06953642384105967
4	0.027893813829231447	0.06001655629139073
5	0.029065793064124587	0.0499999999999999
6	0.06630327203659281	0.09630242825607047
7	0.08563558895581753	0.10666982024597951
8	0.10363960463682666	0.11237582781456953
9	0.11294361420353281	0.10945548197203869
10	0.12104371312097692	0.1061258278145698
11	0.12762051155206722	0.10234798314268545
12	0.13152492650268088	0.09713024282560719
13	0.13924991134903658	0.09526235354049961
14	0.14825554781447406	0.09448912015137184
15	0.1516942816340026	0.0899558498896251
16	0.15735590591415044	0.08743791390728477
17	0.16097917495034006	0.08414491624464392
18	0.16409213376791515	0.08075791022810926
19	0.1669707013328871	0.07816312303938679
20	0.16924643332716216	0.07516556291390719
