1	0.013522403801669478	0.11258278145695365
2	0.016800215026500573	0.07119205298013245
3	0.01913086588778057	0.054083885209712974
4	0.02264627496902526	0.048841059602649006
5	0.023453936986270442	0.04072847682119198
6	0.0523005238843151	0.07615894039735095
7	0.07358966263912396	0.0924787133396407
8	0.08571285169306886	0.09457781456953643
9	0.09243510065455623	0.09105960264900684
10	0.09964643057696602	0.08890728476821212
11	0.10626360802803213	0.08624322697170407
12	0.11460934158071935	0.0849889624724063
13	0.11870198204850593	0.08099847172694875
14	0.12678114567716667	0.0810075685903501
15	0.13114365057044683	0.07836644591611505
16	0.13663391315921936	0.0763658940397351
17	0.1389517939539214	0.07313985196727713
18	0.14332382433880728	0.071376011773363
19	0.1460558802433408	0.06901359358661575
20	0.14953920230597412	0.06705298013245028
