1	0.012307739845965402	0.09602649006622517
2	0.017080656479504193	0.06788079470198675
3	0.020875362509309558	0.05463576158940391
4	0.02374997134418328	0.04677152317880795
5	0.024597227013458817	0.03907284768211914
6	0.056146608819475426	0.07671081677704186
7	0.07798686813159317	0.09224219489120168
8	0.08815571921441054	0.09168046357615894
9	0.10104569405605435	0.0932671081677706
10	0.10869739341499954	0.09056291390728502
11	0.11446632078476135	0.08729680915111401
12	0.12053326376928684	0.08457505518763803
13	0.12442134196711377	0.08087111563932778
14	0.13168659904707364	0.0799432355723747
15	0.1361870269681436	0.0772626931567331
16	0.14101190751005763	0.07512417218543047
17	0.1463103273573185	0.07304246201791993
18	0.14901516303813475	0.07073215599705684
19	0.15333834085272946	0.06883931683513433
20	0.1557179792423016	0.06639072847682116
