1	0.013906470276477755	0.12086092715231789
2	0.02023940317713254	0.0869205298013245
3	0.022325832948833873	0.0640176600441501
4	0.02434872267867724	0.052152317880794705
5	0.025700653612381854	0.04437086092715223
6	0.05743364235321823	0.08388520971302424
7	0.08010541407197817	0.10335856196783379
8	0.09110141496229816	0.10285596026490067
9	0.09661566529027736	0.09749816041206795
10	0.10400833818473919	0.09437086092715256
11	0.11080234899365063	0.09045755568934397
12	0.11795304873540996	0.08816225165562921
13	0.12433097962491742	0.08609271523178832
14	0.13295204838767574	0.08550141911069072
15	0.13590012331301005	0.08167770419426074
16	0.13854028871179652	0.07822847682119205
17	0.14244239890747593	0.07576938059992229
18	0.14491693080786838	0.07303164091243587
19	0.1497630081054685	0.07162774485883602
20	0.15460584279101852	0.06995033112582781
