1	0.01162400796310695	0.10430463576158941
2	0.014009547827951455	0.06622516556291391
3	0.01754835403645964	0.05353200883002201
4	0.01910031568775904	0.043874172185430466
5	0.0209370006504179	0.03907284768211914
6	0.050959274878182324	0.07753863134657832
7	0.06993267168364045	0.0924787133396407
8	0.08188649597798872	0.09561258278145696
9	0.09127099322769826	0.09381898454746157
10	0.098998039668467	0.0912251655629142
11	0.10511590083599709	0.0880493678506925
12	0.11217720781452269	0.0855408388520972
13	0.1154169070734078	0.08112582781456977
14	0.12190078351415079	0.0804162724692527
15	0.1265284045458914	0.07781456953642409
16	0.12813968647588195	0.07377897350993377
17	0.13033329775693658	0.07089988313206096
18	0.1337268183276095	0.06861662987490828
19	0.13567413578011167	0.06605088881143278
20	0.13978761778581889	0.06448675496688741
