1	0.011893285659829136	0.09961368653421634
2	0.01687400052562386	0.07225638599810784
3	0.018687631687459974	0.055394591611479
4	0.021634325474205584	0.04658756438557762
5	0.023144758565764503	0.039569536423841
6	0.023144758565764503	0.03308749749147102
7	0.023144758565764503	0.02844134342478712
8	0.023825406100716668	0.025327941925624042
9	0.023825406100716668	0.022574371912120215
10	0.024742369931587783	0.02102649006622513
11	0.05720885122592979	0.04396824202287782
12	0.07601646637969198	0.05458706661472532
13	0.08958916524330486	0.05986443652006559
14	0.0985430176043954	0.06159438330926671
15	0.10522428976503119	0.061506622516556274
16	0.10604436815801217	0.058878311258278145
17	0.11148804668137867	0.05833657966497852
18	0.12076264954259709	0.0595106696100075
19	0.12698844298736928	0.05942837225514126
20	0.1294620317606269	0.05753311258278154
