1	0.01162400796310695	0.10430463576158941
2	0.014009547827951455	0.06622516556291391
3	0.01754835403645964	0.05353200883002201
4	0.01910031568775904	0.043874172185430466
5	0.0209370006504179	0.038907284768211856
6	0.022596001214742617	0.03378988561107768
7	0.022596001214742617	0.029052349416587804
8	0.022596001214742617	0.025487137035150275
9	0.023147877594433566	0.022942289498580848
10	0.02598086138768226	0.022350993377483405
11	0.054344135051122	0.0435825556893438
12	0.07331753185658012	0.05519575379820801
13	0.08527135615092839	0.060048395313296
14	0.09420745384213902	0.06133296818204465
15	0.09968755664523564	0.0604028697571744
16	0.09986508645634859	0.057740066225165566
17	0.10692639343487413	0.057752239968835155
18	0.11016609269375925	0.05610743193524668
19	0.11654649231331021	0.05681422098292102
20	0.12058807318947427	0.05579470198675504
