1	0.013522403801669478	0.11120309050772625
2	0.016800215026500573	0.070600756859035
3	0.01913086588778057	0.053738962472406136
4	0.02264627496902526	0.04677152317880794
5	0.023453936986270442	0.03923841059602643
6	0.023453936986270442	0.03281155930162554
7	0.023453936986270442	0.028204824976348148
8	0.02401835601095437	0.025120988283239932
9	0.024202314804184687	0.022508672343109385
10	0.025295053224055945	0.020971302428256035
11	0.05432559891533094	0.04225617098133657
12	0.0766770997010449	0.055138942994416296
13	0.08823586973030582	0.05897294390671876
14	0.09628737556010344	0.059963650848976834
15	0.10240596706264199	0.0599889624724062
16	0.10268377201977774	0.057222682119205295
17	0.10996714354155991	0.057557460070120706
18	0.11405978400934647	0.05619941133186178
19	0.12062573197646669	0.05672708260718031
20	0.12498823686974679	0.055960264900662283
