1	0.013966378300961467	0.10596026490066225
2	0.01854750817182643	0.07450331125827815
3	0.020624157364515745	0.05684326710816773
4	0.022972259960962717	0.04773730684326711
5	0.024311933899974398	0.04056291390728471
6	0.024311933899974398	0.03384005619104958
7	0.024311933899974398	0.02903263954588455
8	0.024891404098649896	0.025805527254202747
9	0.02512792254708887	0.023086828550404663
10	0.02592492544258888	0.0213576158940397
11	0.06205141628954504	0.04846478025285974
12	0.0864915598850744	0.061371899753278836
13	0.09727984761020472	0.06446340635082362
14	0.10797892168162371	0.06707165264153783
15	0.11494476578103811	0.06694260485651221
16	0.11720970346086979	0.0646730132450331
17	0.12179467942851394	0.06340085703155439
18	0.12522711206210552	0.06181015452538652
19	0.1281801652635031	0.06003834088532605
20	0.13243824824553432	0.05894039735099345
