1	0.013906470276477755	0.12086092715231789
2	0.02023940317713254	0.0869205298013245
3	0.022325832948833873	0.0640176600441501
4	0.02434872267867724	0.05100257542310522
5	0.025700653612381854	0.04321192052980125
6	0.025700653612381854	0.03609773228978531
7	0.025700653612381854	0.031003626616209364
8	0.025700653612381854	0.02717460519612837
9	0.025700653612381854	0.024190581309786557
10	0.02609156604799628	0.022019867549668833
11	0.05810049297867812	0.045736754966887457
12	0.08182417452418235	0.060787560057135405
13	0.09282017541450233	0.06378417388351172
14	0.09875490298415082	0.06333092665438443
15	0.10575666344299825	0.0633278145695365
16	0.10900963367876426	0.06115480132450331
17	0.11510842359377936	0.06077132839890924
18	0.12148635448328679	0.06079838116261976
19	0.12968694600437583	0.06151969327291751
20	0.13263502092971016	0.05985099337748345
