1	0.012114137287965529	0.10458057395143489
2	0.01746971474324465	0.07556764427625354
3	0.022506288801036903	0.06194812362030902
4	0.024879745458433952	0.05072663723325974
5	0.026354103513917832	0.04288079470198669
6	0.026354103513917832	0.03597230583985552
7	0.027251619353486654	0.031693472090823044
8	0.02741718226739394	0.028018339276617416
9	0.027812693672839124	0.025386313465783614
10	0.027812693672839124	0.022958057395143446
11	0.06723617885988674	0.052490969295605074
12	0.08786288738294674	0.064326061550448
13	0.09971947709037099	0.06786664402558451
14	0.10962860428108835	0.06961733804710474
15	0.11725800247045312	0.06989514348785879
16	0.11627652524196112	0.06570778145695365
17	0.12126765241339293	0.06456953642384104
18	0.126632309923858	0.06410963944076548
19	0.13169142050273622	0.06352387591495312
20	0.13359641838770764	0.061341059602649094
