1	0.015344315820309191	0.12748344370860928
2	0.02129857195351934	0.0902317880794702
3	0.02438501510836611	0.06953642384105967
4	0.027893813829231447	0.05886681383370125
5	0.029065793064124587	0.04900662251655621
6	0.029065793064124587	0.04091410796708814
7	0.029065793064124587	0.03512298959318822
8	0.02996527989076373	0.03128183902190524
9	0.03006266984012096	0.027974876484810198
10	0.03117059199522855	0.02599337748344365
11	0.06881713723159054	0.053798540036122826
12	0.08842539234066071	0.06353882612647711
13	0.10552992119503068	0.0699043414275204
14	0.11589200769119752	0.07150326146492074
15	0.12288418445353406	0.07108167770419441
16	0.12382583325920343	0.06819122516556292
17	0.12745431001997162	0.06641994546162842
18	0.13517929486632735	0.06677704194260507
19	0.1430294644529469	0.06718368769606152
20	0.14646819827247543	0.06514900662251658
