1	0.012307739845965402	0.09602649006622517
2	0.017080656479504193	0.06788079470198675
3	0.020875362509309558	0.05463576158940391
4	0.02374997134418328	0.04608167770419426
5	0.024597227013458817	0.03857615894039729
6	0.024597227013458817	0.032184427051976716
7	0.02492243988006241	0.02788946704509616
8	0.02567738765487773	0.02494587366276108
9	0.026367233129491418	0.02257437191212022
10	0.02826852419980275	0.021578366445916076
11	0.06072708696466924	0.044288079470198694
12	0.08269283245359768	0.05613718997532783
13	0.09210673576159968	0.05812390332257876
14	0.10568251302745651	0.06193671264253362
15	0.11143292131609035	0.06106512141280352
16	0.10941356381463976	0.057119205298013245
17	0.11502980775575092	0.056680950525905605
18	0.11891788595357786	0.0555555555555557
19	0.12480749513471105	0.055507145346810866
20	0.12930792305578095	0.05471854304635774
