1	0.016710824489334104	0.13438189845474616
2	0.020937220163418552	0.0859744560075686
3	0.023476108795022408	0.06553532008830025
4	0.029647830501658413	0.05785504047093451
5	0.031156767277674316	0.048675496688741667
6	0.031156767277674316	0.04098936383704599
7	0.031156767277674316	0.03543834752444019
8	0.031156767277674316	0.031234080489047366
9	0.031156767277674316	0.027935456743403718
10	0.031156767277674316	0.02527593818984543
11	0.061108950830082415	0.04686559301625529
12	0.08639726169436532	0.061988702765874606
13	0.09824551176400581	0.06565913850682076
14	0.10708968562494098	0.06646790818104883
15	0.11289414052488671	0.06542494481236208
16	0.10986580108513619	0.0607408940397351
17	0.1152762324816408	0.06008959875340865
18	0.12101585138447249	0.06015452538631362
19	0.12343128455321689	0.058121296619031135
20	0.1253602238993748	0.056125827814569665
