1	0.013809222247805066	0.11423841059602649
2	0.017311150732010575	0.07367549668874172
3	0.019660080145350617	0.057395143487858694
4	0.022001767372117703	0.047093451066961
5	0.023168089309281086	0.03956953642384099
6	0.023455524923703456	0.03333835039133055
7	0.023621087837610737	0.02877641122674233
8	0.024390161019763393	0.025741849210392253
9	0.025001167011564084	0.023297067171239305
10	0.026015467280831237	0.021578366445916073
11	0.05636417682044816	0.0433191601444913
12	0.07648372589674536	0.055220101285547295
13	0.08820795607098897	0.0591710533763514
14	0.09835831580961986	0.061270726485087
15	0.10468705421617285	0.060761589403973526
16	0.10577559550337678	0.058774834437086095
17	0.11322566462642528	0.059213089209193624
18	0.11831816507073412	0.05868285504047106
19	0.12661582143330288	0.05942837225514126
20	0.13037152266634816	0.05802980132450334
