1	0,104	0,000	0,000	0,000	
2	0,124	0,008	0,000	0,000	
3	0,142	0,015	0,003	0,000	
4	0,152	0,018	0,005	0,000	
5	0,166	0,020	0,008	0,002	
6	0,341	0,103	0,015	0,005	
7	0,412	0,172	0,048	0,012	
8	0,437	0,210	0,086	0,025	
9	0,452	0,242	0,099	0,035	
10	0,482	0,250	0,118	0,038	
11	0,490	0,263	0,131	0,048	
12	0,512	0,278	0,142	0,056	
13	0,513	0,281	0,154	0,060	
14	0,545	0,290	0,164	0,070	
15	0,551	0,303	0,171	0,075	
16	0,555	0,305	0,174	0,076	
17	0,555	0,306	0,187	0,079	
18	0,563	0,310	0,187	0,086	
19	0,565	0,313	0,190	0,089	
20	0,575	0,321	0,197	0,094	
