1	0,144	0,000	0,000	0,000	
2	0,169	0,015	0,000	0,000	
3	0,185	0,020	0,002	0,000	
4	0,232	0,022	0,007	0,000	
5	0,238	0,025	0,008	0,000	
6	0,387	0,119	0,018	0,008	
7	0,492	0,180	0,053	0,013	
8	0,522	0,220	0,073	0,026	
9	0,536	0,243	0,088	0,038	
10	0,538	0,268	0,103	0,043	
11	0,540	0,283	0,121	0,053	
12	0,575	0,296	0,134	0,060	
13	0,606	0,306	0,142	0,068	
14	0,611	0,313	0,146	0,070	
15	0,611	0,318	0,147	0,075	
16	0,616	0,326	0,161	0,078	
17	0,619	0,329	0,166	0,083	
18	0,627	0,344	0,171	0,089	
19	0,629	0,346	0,179	0,091	
20	0,637	0,349	0,187	0,091	
