1	0,106	0,000	0,000	0,000	
2	0,137	0,012	0,000	0,000	
3	0,152	0,017	0,002	0,000	
4	0,166	0,023	0,003	0,002	
5	0,175	0,023	0,005	0,002	
6	0,374	0,121	0,018	0,005	
7	0,455	0,190	0,060	0,008	
8	0,482	0,227	0,088	0,020	
9	0,508	0,252	0,106	0,035	
10	0,538	0,263	0,114	0,050	
11	0,561	0,276	0,136	0,060	
12	0,566	0,295	0,142	0,070	
13	0,575	0,303	0,149	0,071	
14	0,583	0,308	0,157	0,078	
15	0,583	0,318	0,169	0,083	
16	0,594	0,326	0,175	0,089	
17	0,599	0,339	0,185	0,096	
18	0,599	0,346	0,197	0,099	
19	0,611	0,351	0,202	0,099	
20	0,614	0,356	0,207	0,108	
