1	0,121	0,000	0,000	0,000	
2	0,169	0,005	0,000	0,000	
3	0,184	0,008	0,000	0,000	
4	0,194	0,013	0,002	0,000	
5	0,204	0,017	0,002	0,000	
6	0,371	0,123	0,010	0,000	
7	0,452	0,194	0,071	0,007	
8	0,470	0,222	0,096	0,031	
9	0,475	0,235	0,114	0,048	
10	0,483	0,247	0,137	0,061	
11	0,493	0,267	0,147	0,066	
12	0,508	0,280	0,162	0,075	
13	0,523	0,296	0,174	0,081	
14	0,560	0,308	0,187	0,083	
15	0,561	0,316	0,189	0,088	
16	0,573	0,323	0,192	0,093	
17	0,573	0,338	0,199	0,101	
18	0,573	0,343	0,202	0,108	
19	0,581	0,356	0,207	0,116	
20	0,591	0,364	0,217	0,119	
