1	0,096	0,000	0,000	0,000	
2	0,121	0,015	0,000	0,000	
3	0,141	0,018	0,005	0,000	
4	0,156	0,025	0,007	0,000	
5	0,161	0,028	0,007	0,000	
6	0,331	0,108	0,022	0,000	
7	0,407	0,174	0,053	0,012	
8	0,449	0,195	0,070	0,015	
9	0,477	0,228	0,098	0,028	
10	0,500	0,243	0,113	0,036	
11	0,520	0,252	0,121	0,050	
12	0,536	0,263	0,129	0,061	
13	0,538	0,270	0,134	0,071	
14	0,579	0,281	0,144	0,073	
15	0,581	0,295	0,151	0,081	
16	0,596	0,310	0,156	0,081	
17	0,599	0,329	0,164	0,086	
18	0,599	0,334	0,179	0,091	
19	0,606	0,346	0,190	0,094	
20	0,608	0,349	0,200	0,096	
