1	0,106	0,000	0,000	0,000	
2	0,139	0,013	0,000	0,000	
3	0,180	0,018	0,002	0,000	
4	0,194	0,023	0,002	0,000	
5	0,202	0,026	0,002	0,000	
6	0,427	0,118	0,022	0,002	
7	0,502	0,194	0,061	0,008	
8	0,523	0,240	0,091	0,020	
9	0,553	0,257	0,108	0,041	
10	0,558	0,285	0,124	0,056	
11	0,570	0,305	0,142	0,065	
12	0,576	0,315	0,151	0,078	
13	0,588	0,325	0,166	0,089	
14	0,614	0,334	0,174	0,093	
15	0,614	0,338	0,177	0,098	
16	0,616	0,343	0,185	0,103	
17	0,618	0,351	0,190	0,111	
18	0,632	0,358	0,195	0,111	
19	0,634	0,363	0,205	0,111	
20	0,636	0,368	0,210	0,121	
