1	0,127	0,000	0,000	0,000	
2	0,167	0,013	0,000	0,000	
3	0,182	0,025	0,002	0,000	
4	0,207	0,031	0,002	0,000	
5	0,214	0,035	0,002	0,000	
6	0,425	0,126	0,026	0,000	
7	0,475	0,194	0,071	0,007	
8	0,523	0,242	0,109	0,020	
9	0,535	0,268	0,129	0,041	
10	0,550	0,288	0,149	0,056	
11	0,570	0,301	0,164	0,065	
12	0,571	0,315	0,167	0,075	
13	0,589	0,320	0,187	0,083	
14	0,626	0,339	0,197	0,096	
15	0,631	0,343	0,207	0,099	
16	0,647	0,353	0,217	0,104	
17	0,651	0,361	0,230	0,106	
18	0,652	0,369	0,237	0,111	
19	0,656	0,373	0,248	0,114	
20	0,656	0,379	0,255	0,116	
