1	0,113	0,000	0,000	0,000	
2	0,134	0,008	0,000	0,000	
3	0,146	0,017	0,000	0,000	
4	0,172	0,023	0,000	0,000	
5	0,175	0,028	0,000	0,000	
6	0,351	0,093	0,013	0,000	
7	0,434	0,171	0,036	0,007	
8	0,474	0,204	0,061	0,013	
9	0,488	0,220	0,078	0,022	
10	0,505	0,243	0,094	0,030	
11	0,515	0,258	0,119	0,035	
12	0,536	0,281	0,132	0,041	
13	0,546	0,291	0,137	0,046	
14	0,589	0,308	0,144	0,055	
15	0,594	0,315	0,159	0,061	
16	0,604	0,323	0,172	0,073	
17	0,608	0,331	0,172	0,078	
18	0,614	0,339	0,185	0,083	
19	0,619	0,346	0,189	0,093	
20	0,619	0,349	0,195	0,104	
