1	0,114	0,000	0,000	0,000	
2	0,141	0,007	0,000	0,000	
3	0,157	0,015	0,000	0,000	
4	0,174	0,017	0,002	0,000	
5	0,184	0,017	0,002	0,000	
6	0,341	0,111	0,010	0,000	
7	0,424	0,179	0,040	0,007	
8	0,452	0,215	0,076	0,015	
9	0,472	0,245	0,093	0,030	
10	0,483	0,262	0,108	0,040	
11	0,508	0,272	0,129	0,050	
12	0,525	0,290	0,146	0,058	
13	0,536	0,298	0,156	0,066	
14	0,581	0,310	0,167	0,075	
15	0,584	0,320	0,175	0,076	
16	0,598	0,321	0,187	0,086	
17	0,599	0,328	0,195	0,091	
18	0,604	0,333	0,204	0,103	
19	0,608	0,336	0,212	0,106	
20	0,608	0,339	0,214	0,109	
