1	0,101	0,000	0,000	0,000	
2	0,132	0,013	0,000	0,000	
3	0,147	0,020	0,000	0,000	
4	0,169	0,022	0,003	0,000	
5	0,177	0,025	0,003	0,000	
6	0,366	0,091	0,015	0,002	
7	0,424	0,159	0,046	0,010	
8	0,464	0,207	0,066	0,026	
9	0,478	0,228	0,088	0,038	
10	0,498	0,248	0,098	0,048	
11	0,520	0,260	0,116	0,053	
12	0,528	0,278	0,132	0,061	
13	0,550	0,291	0,156	0,068	
14	0,578	0,308	0,164	0,075	
15	0,579	0,313	0,167	0,079	
16	0,583	0,328	0,171	0,081	
17	0,586	0,338	0,180	0,093	
18	0,591	0,343	0,182	0,096	
19	0,593	0,353	0,190	0,101	
20	0,593	0,358	0,197	0,104	
