1	0.0	0.0
2	0.0	0.0
3	0.06666666666666667	0.3333333333333333
4	0.06666666666666667	0.25
5	0.06666666666666667	0.2
6	0.13333333333333333	0.3333333333333333
7	0.2	0.42857142857142855
8	0.26666666666666666	0.5
9	0.26666666666666666	0.4444444444444444
10	0.3333333333333333	0.5
11	0.3333333333333333	0.45454545454545453
12	0.3333333333333333	0.4166666666666667
13	0.3333333333333333	0.38461538461538464
14	0.3333333333333333	0.35714285714285715
15	0.4	0.4
16	0.4	0.375
17	0.4666666666666667	0.4117647058823529
18	0.4666666666666667	0.3888888888888889
19	0.4666666666666667	0.3684210526315789
20	0.4666666666666667	0.35
