1	0.0	0.0
2	0.0	0.0
3	0.0	0.0
4	0.0	0.0
5	0.0	0.0
6	0.0	0.0
7	0.045454545454545456	0.14285714285714285
8	0.09090909090909091	0.25
9	0.09090909090909091	0.2222222222222222
10	0.09090909090909091	0.2
11	0.09090909090909091	0.18181818181818182
12	0.09090909090909091	0.16666666666666666
13	0.09090909090909091	0.15384615384615385
14	0.13636363636363635	0.21428571428571427
15	0.13636363636363635	0.2
16	0.18181818181818182	0.25
17	0.18181818181818182	0.23529411764705882
18	0.22727272727272727	0.2777777777777778
19	0.22727272727272727	0.2631578947368421
20	0.22727272727272727	0.25
