1	0.0	0.0
2	0.0	0.0
3	0.05263157894736842	0.3333333333333333
4	0.05263157894736842	0.25
5	0.05263157894736842	0.2
6	0.05263157894736842	0.16666666666666666
7	0.05263157894736842	0.14285714285714285
8	0.10526315789473684	0.25
9	0.15789473684210525	0.3333333333333333
10	0.21052631578947367	0.4
11	0.21052631578947367	0.36363636363636365
12	0.21052631578947367	0.3333333333333333
13	0.21052631578947367	0.3076923076923077
14	0.2631578947368421	0.35714285714285715
15	0.3157894736842105	0.4
16	0.3157894736842105	0.375
17	0.3684210526315789	0.4117647058823529
18	0.3684210526315789	0.3888888888888889
19	0.3684210526315789	0.3684210526315789
20	0.3684210526315789	0.35
