1	0.058823529411764705	1.0
2	0.11764705882352941	1.0
3	0.11764705882352941	0.6666666666666666
4	0.11764705882352941	0.5
5	0.11764705882352941	0.4
6	0.17647058823529413	0.5
7	0.23529411764705882	0.5714285714285714
8	0.29411764705882354	0.625
9	0.29411764705882354	0.5555555555555556
10	0.35294117647058826	0.6
11	0.35294117647058826	0.5454545454545454
12	0.4117647058823529	0.5833333333333334
13	0.4117647058823529	0.5384615384615384
14	0.4117647058823529	0.5
15	0.4117647058823529	0.4666666666666667
16	0.4117647058823529	0.4375
17	0.4117647058823529	0.4117647058823529
18	0.4117647058823529	0.3888888888888889
19	0.47058823529411764	0.42105263157894735
20	0.5294117647058824	0.45
