1	0.07692307692307693	1.0
2	0.07692307692307693	0.5
3	0.07692307692307693	0.3333333333333333
4	0.15384615384615385	0.5
5	0.15384615384615385	0.4
6	0.15384615384615385	0.3333333333333333
7	0.15384615384615385	0.2857142857142857
8	0.15384615384615385	0.25
9	0.15384615384615385	0.2222222222222222
10	0.15384615384615385	0.2
11	0.23076923076923078	0.2727272727272727
12	0.23076923076923078	0.25
13	0.23076923076923078	0.23076923076923078
14	0.23076923076923078	0.21428571428571427
15	0.23076923076923078	0.2
16	0.3076923076923077	0.25
17	0.3076923076923077	0.23529411764705882
18	0.38461538461538464	0.2777777777777778
19	0.38461538461538464	0.2631578947368421
20	0.46153846153846156	0.3
