1	0.05555555555555555	1.0
2	0.05555555555555555	0.5
3	0.05555555555555555	0.3333333333333333
4	0.05555555555555555	0.25
5	0.05555555555555555	0.2
6	0.05555555555555555	0.16666666666666666
7	0.05555555555555555	0.14285714285714285
8	0.05555555555555555	0.125
9	0.05555555555555555	0.1111111111111111
10	0.05555555555555555	0.1
11	0.05555555555555555	0.09090909090909091
12	0.05555555555555555	0.08333333333333333
13	0.05555555555555555	0.07692307692307693
14	0.05555555555555555	0.07142857142857142
15	0.1111111111111111	0.13333333333333333
16	0.1111111111111111	0.125
17	0.16666666666666666	0.17647058823529413
18	0.16666666666666666	0.16666666666666666
19	0.2222222222222222	0.21052631578947367
20	0.2222222222222222	0.2
