1	0.16666666666666666	1.0
2	0.16666666666666666	0.5
3	0.16666666666666666	0.3333333333333333
4	0.16666666666666666	0.25
5	0.16666666666666666	0.2
6	0.16666666666666666	0.16666666666666666
7	0.16666666666666666	0.14285714285714285
8	0.16666666666666666	0.125
9	0.16666666666666666	0.1111111111111111
10	0.16666666666666666	0.1
11	0.3333333333333333	0.18181818181818182
12	0.5	0.25
13	0.5	0.23076923076923078
14	0.6666666666666666	0.2857142857142857
15	0.6666666666666666	0.26666666666666666
16	0.6666666666666666	0.25
17	0.6666666666666666	0.23529411764705882
18	0.8333333333333334	0.2777777777777778
19	0.8333333333333334	0.2631578947368421
20	0.8333333333333334	0.25
