1	0.08333333333333333	1.0
2	0.08333333333333333	0.5
3	0.08333333333333333	0.3333333333333333
4	0.08333333333333333	0.25
5	0.08333333333333333	0.2
6	0.08333333333333333	0.16666666666666666
7	0.16666666666666666	0.2857142857142857
8	0.25	0.375
9	0.25	0.3333333333333333
10	0.25	0.3
11	0.25	0.2727272727272727
12	0.25	0.25
13	0.25	0.23076923076923078
14	0.3333333333333333	0.2857142857142857
15	0.3333333333333333	0.26666666666666666
16	0.4166666666666667	0.3125
17	0.5	0.35294117647058826
18	0.5	0.3333333333333333
19	0.5	0.3157894736842105
20	0.5	0.3
