1	0.14285714285714285	1.0
2	0.2857142857142857	1.0
3	0.2857142857142857	0.6666666666666666
4	0.2857142857142857	0.5
5	0.2857142857142857	0.4
6	0.2857142857142857	0.3333333333333333
7	0.2857142857142857	0.2857142857142857
8	0.42857142857142855	0.375
9	0.5714285714285714	0.4444444444444444
10	0.7142857142857143	0.5
11	0.8571428571428571	0.5454545454545454
12	0.8571428571428571	0.5
13	0.8571428571428571	0.46153846153846156
14	0.8571428571428571	0.42857142857142855
15	1.0	0.4666666666666667
16	1.0	0.4375
17	1.0	0.4117647058823529
18	1.0	0.3888888888888889
19	1.0	0.3684210526315789
20	1.0	0.35
