1	0.05555555555555555	1.0
2	0.05555555555555555	0.5
3	0.1111111111111111	0.6666666666666666
4	0.16666666666666666	0.75
5	0.16666666666666666	0.6
6	0.2222222222222222	0.6666666666666666
7	0.2777777777777778	0.7142857142857143
8	0.3333333333333333	0.75
9	0.3888888888888889	0.7777777777777778
10	0.3888888888888889	0.7
11	0.4444444444444444	0.7272727272727273
12	0.5	0.75
13	0.5555555555555556	0.7692307692307693
14	0.5555555555555556	0.7142857142857143
15	0.5555555555555556	0.6666666666666666
16	0.5555555555555556	0.625
17	0.5555555555555556	0.5882352941176471
18	0.5555555555555556	0.5555555555555556
19	0.5555555555555556	0.5263157894736842
20	0.5555555555555556	0.5
