1	0.0	0.0
2	0.09090909090909091	0.5
3	0.18181818181818182	0.6666666666666666
4	0.18181818181818182	0.5
5	0.18181818181818182	0.4
6	0.18181818181818182	0.3333333333333333
7	0.18181818181818182	0.2857142857142857
8	0.18181818181818182	0.25
9	0.18181818181818182	0.2222222222222222
10	0.18181818181818182	0.2
11	0.2727272727272727	0.2727272727272727
12	0.36363636363636365	0.3333333333333333
13	0.45454545454545453	0.38461538461538464
14	0.5454545454545454	0.42857142857142855
15	0.5454545454545454	0.4
16	0.5454545454545454	0.375
17	0.5454545454545454	0.35294117647058826
18	0.5454545454545454	0.3333333333333333
19	0.5454545454545454	0.3157894736842105
20	0.6363636363636364	0.35
