1	0.07692307692307693	1.0
2	0.15384615384615385	1.0
3	0.23076923076923078	1.0
4	0.23076923076923078	0.75
5	0.23076923076923078	0.6
6	0.23076923076923078	0.5
7	0.23076923076923078	0.42857142857142855
8	0.23076923076923078	0.375
9	0.23076923076923078	0.3333333333333333
10	0.23076923076923078	0.3
11	0.23076923076923078	0.2727272727272727
12	0.23076923076923078	0.25
13	0.3076923076923077	0.3076923076923077
14	0.38461538461538464	0.35714285714285715
15	0.46153846153846156	0.4
16	0.5384615384615384	0.4375
17	0.6153846153846154	0.47058823529411764
18	0.6153846153846154	0.4444444444444444
19	0.6153846153846154	0.42105263157894735
20	0.6153846153846154	0.4
