1	0.09090909090909091	1.0
2	0.18181818181818182	1.0
3	0.2727272727272727	1.0
4	0.2727272727272727	0.75
5	0.2727272727272727	0.6
6	0.2727272727272727	0.5
7	0.2727272727272727	0.42857142857142855
8	0.2727272727272727	0.375
9	0.2727272727272727	0.3333333333333333
10	0.2727272727272727	0.3
11	0.2727272727272727	0.2727272727272727
12	0.36363636363636365	0.3333333333333333
13	0.36363636363636365	0.3076923076923077
14	0.45454545454545453	0.35714285714285715
15	0.5454545454545454	0.4
16	0.6363636363636364	0.4375
17	0.6363636363636364	0.4117647058823529
18	0.6363636363636364	0.3888888888888889
19	0.6363636363636364	0.3684210526315789
20	0.6363636363636364	0.35
