1	0.0	0.0
2	0.0	0.0
3	0.07142857142857142	0.3333333333333333
4	0.07142857142857142	0.25
5	0.07142857142857142	0.2
6	0.14285714285714285	0.3333333333333333
7	0.21428571428571427	0.42857142857142855
8	0.2857142857142857	0.5
9	0.2857142857142857	0.4444444444444444
10	0.2857142857142857	0.4
11	0.35714285714285715	0.45454545454545453
12	0.35714285714285715	0.4166666666666667
13	0.42857142857142855	0.46153846153846156
14	0.42857142857142855	0.42857142857142855
15	0.42857142857142855	0.4
16	0.42857142857142855	0.375
17	0.5	0.4117647058823529
18	0.5714285714285714	0.4444444444444444
19	0.5714285714285714	0.42105263157894735
20	0.5714285714285714	0.4
