1	0.14285714285714285	1.0
2	0.14285714285714285	0.5
3	0.14285714285714285	0.3333333333333333
4	0.2857142857142857	0.5
5	0.2857142857142857	0.4
6	0.2857142857142857	0.3333333333333333
7	0.2857142857142857	0.2857142857142857
8	0.2857142857142857	0.25
9	0.2857142857142857	0.2222222222222222
10	0.2857142857142857	0.2
11	0.42857142857142855	0.2727272727272727
12	0.42857142857142855	0.25
13	0.42857142857142855	0.23076923076923078
14	0.5714285714285714	0.2857142857142857
15	0.7142857142857143	0.3333333333333333
16	0.8571428571428571	0.375
17	0.8571428571428571	0.35294117647058826
18	1.0	0.3888888888888889
19	1.0	0.3684210526315789
20	1.0	0.35
