1	0.0	0.0
2	0.05263157894736842	0.5
3	0.05263157894736842	0.3333333333333333
4	0.05263157894736842	0.25
5	0.05263157894736842	0.2
6	0.05263157894736842	0.16666666666666666
7	0.10526315789473684	0.2857142857142857
8	0.15789473684210525	0.375
9	0.21052631578947367	0.4444444444444444
10	0.21052631578947367	0.4
11	0.21052631578947367	0.36363636363636365
12	0.21052631578947367	0.3333333333333333
13	0.21052631578947367	0.3076923076923077
14	0.21052631578947367	0.2857142857142857
15	0.2631578947368421	0.3333333333333333
16	0.2631578947368421	0.3125
17	0.2631578947368421	0.29411764705882354
18	0.3157894736842105	0.3333333333333333
19	0.3157894736842105	0.3157894736842105
20	0.3157894736842105	0.3
