1	0.0	0.0
2	0.0	0.0
3	0.0	0.0
4	0.0	0.0
5	0.0	0.0
6	0.043478260869565216	0.16666666666666666
7	0.043478260869565216	0.14285714285714285
8	0.043478260869565216	0.125
9	0.08695652173913043	0.2222222222222222
10	0.08695652173913043	0.2
11	0.08695652173913043	0.18181818181818182
12	0.13043478260869565	0.25
13	0.17391304347826086	0.3076923076923077
14	0.17391304347826086	0.2857142857142857
15	0.17391304347826086	0.26666666666666666
16	0.17391304347826086	0.25
17	0.17391304347826086	0.23529411764705882
18	0.17391304347826086	0.2222222222222222
19	0.17391304347826086	0.21052631578947367
20	0.17391304347826086	0.2
