1	0.05263157894736842	1.0
2	0.10526315789473684	1.0
3	0.15789473684210525	1.0
4	0.21052631578947367	1.0
5	0.2631578947368421	1.0
6	0.3157894736842105	1.0
7	0.3684210526315789	1.0
8	0.42105263157894735	1.0
9	0.47368421052631576	1.0
10	0.47368421052631576	0.9
11	0.47368421052631576	0.8181818181818182
12	0.47368421052631576	0.75
13	0.47368421052631576	0.6923076923076923
14	0.5263157894736842	0.7142857142857143
15	0.5789473684210527	0.7333333333333333
16	0.5789473684210527	0.6875
17	0.5789473684210527	0.6470588235294118
18	0.5789473684210527	0.6111111111111112
19	0.5789473684210527	0.5789473684210527
20	0.5789473684210527	0.55
