1	0.0	0.0
2	0.0	0.0
3	0.07142857142857142	0.3333333333333333
4	0.07142857142857142	0.25
5	0.07142857142857142	0.2
6	0.07142857142857142	0.16666666666666666
7	0.07142857142857142	0.14285714285714285
8	0.07142857142857142	0.125
9	0.07142857142857142	0.1111111111111111
10	0.07142857142857142	0.1
11	0.14285714285714285	0.18181818181818182
12	0.21428571428571427	0.25
13	0.2857142857142857	0.3076923076923077
14	0.35714285714285715	0.35714285714285715
15	0.35714285714285715	0.3333333333333333
16	0.35714285714285715	0.3125
17	0.35714285714285715	0.29411764705882354
18	0.35714285714285715	0.2777777777777778
19	0.35714285714285715	0.2631578947368421
20	0.35714285714285715	0.25
