6	0.0	0.0
7	0.0	0.0
8	0.07692307692307693	0.125
9	0.07692307692307693	0.1111111111111111
10	0.07692307692307693	0.1
11	0.07692307692307693	0.09090909090909091
12	0.07692307692307693	0.08333333333333333
13	0.07692307692307693	0.07692307692307693
14	0.07692307692307693	0.07142857142857142
15	0.15384615384615385	0.13333333333333333
16	0.15384615384615385	0.125
17	0.15384615384615385	0.11764705882352941
18	0.15384615384615385	0.1111111111111111
19	0.15384615384615385	0.10526315789473684
20	0.15384615384615385	0.1
