1	0.06666666666666667	1.0
2	0.13333333333333333	1.0
3	0.2	1.0
4	0.2	0.75
5	0.2	0.6
6	0.2	0.5
7	0.2	0.42857142857142855
8	0.2	0.375
9	0.2	0.3333333333333333
10	0.2	0.3
11	0.26666666666666666	0.36363636363636365
12	0.26666666666666666	0.3333333333333333
13	0.26666666666666666	0.3076923076923077
14	0.26666666666666666	0.2857142857142857
15	0.3333333333333333	0.3333333333333333
16	0.4	0.375
17	0.4666666666666667	0.4117647058823529
18	0.4666666666666667	0.3888888888888889
19	0.4666666666666667	0.3684210526315789
20	0.4666666666666667	0.35
