1	0.05263157894736842	1.0
2	0.05263157894736842	0.5
3	0.05263157894736842	0.3333333333333333
4	0.05263157894736842	0.25
5	0.05263157894736842	0.2
6	0.05263157894736842	0.16666666666666666
7	0.05263157894736842	0.14285714285714285
8	0.05263157894736842	0.125
9	0.05263157894736842	0.1111111111111111
10	0.05263157894736842	0.1
11	0.10526315789473684	0.18181818181818182
12	0.10526315789473684	0.16666666666666666
13	0.10526315789473684	0.15384615384615385
14	0.10526315789473684	0.14285714285714285
15	0.15789473684210525	0.2
16	0.21052631578947367	0.25
17	0.21052631578947367	0.23529411764705882
18	0.2631578947368421	0.2777777777777778
19	0.2631578947368421	0.2631578947368421
20	0.2631578947368421	0.25
