1	0.06666666666666667	1.0
2	0.06666666666666667	0.5
3	0.06666666666666667	0.3333333333333333
4	0.06666666666666667	0.25
5	0.06666666666666667	0.2
6	0.06666666666666667	0.16666666666666666
7	0.06666666666666667	0.14285714285714285
8	0.06666666666666667	0.125
9	0.06666666666666667	0.1111111111111111
10	0.06666666666666667	0.1
11	0.13333333333333333	0.18181818181818182
12	0.2	0.25
13	0.26666666666666666	0.3076923076923077
14	0.3333333333333333	0.35714285714285715
15	0.4	0.4
16	0.4666666666666667	0.4375
17	0.4666666666666667	0.4117647058823529
18	0.4666666666666667	0.3888888888888889
19	0.4666666666666667	0.3684210526315789
20	0.4666666666666667	0.35
