1	0.06666666666666667	1.0
2	0.06666666666666667	0.5
3	0.13333333333333333	0.6666666666666666
4	0.13333333333333333	0.5
5	0.13333333333333333	0.4
6	0.13333333333333333	0.3333333333333333
7	0.13333333333333333	0.2857142857142857
8	0.13333333333333333	0.25
9	0.13333333333333333	0.2222222222222222
10	0.13333333333333333	0.2
11	0.13333333333333333	0.18181818181818182
12	0.2	0.25
13	0.26666666666666666	0.3076923076923077
14	0.26666666666666666	0.2857142857142857
15	0.3333333333333333	0.3333333333333333
16	0.4	0.375
17	0.4	0.35294117647058826
18	0.4666666666666667	0.3888888888888889
19	0.5333333333333333	0.42105263157894735
20	0.5333333333333333	0.4
