1	0.07142857142857142	1.0
2	0.14285714285714285	1.0
3	0.14285714285714285	0.6666666666666666
4	0.14285714285714285	0.5
5	0.14285714285714285	0.4
6	0.14285714285714285	0.3333333333333333
7	0.14285714285714285	0.2857142857142857
8	0.14285714285714285	0.25
9	0.14285714285714285	0.2222222222222222
10	0.14285714285714285	0.2
11	0.21428571428571427	0.2727272727272727
12	0.21428571428571427	0.25
13	0.21428571428571427	0.23076923076923078
14	0.2857142857142857	0.2857142857142857
15	0.2857142857142857	0.26666666666666666
16	0.2857142857142857	0.25
17	0.35714285714285715	0.29411764705882354
18	0.35714285714285715	0.2777777777777778
19	0.35714285714285715	0.2631578947368421
20	0.35714285714285715	0.25
