1	0.1111111111111111	1.0
2	0.1111111111111111	0.5
3	0.1111111111111111	0.3333333333333333
4	0.1111111111111111	0.25
5	0.1111111111111111	0.2
6	0.1111111111111111	0.16666666666666666
7	0.1111111111111111	0.14285714285714285
8	0.1111111111111111	0.125
9	0.1111111111111111	0.1111111111111111
10	0.1111111111111111	0.1
11	0.1111111111111111	0.09090909090909091
12	0.1111111111111111	0.08333333333333333
13	0.1111111111111111	0.07692307692307693
14	0.2222222222222222	0.14285714285714285
15	0.2222222222222222	0.13333333333333333
16	0.3333333333333333	0.1875
17	0.3333333333333333	0.17647058823529413
18	0.3333333333333333	0.16666666666666666
19	0.3333333333333333	0.15789473684210525
20	0.3333333333333333	0.15
