1	0.07692307692307693	1.0
2	0.15384615384615385	1.0
3	0.23076923076923078	1.0
4	0.3076923076923077	1.0
5	0.3076923076923077	0.8
6	0.3076923076923077	0.6666666666666666
7	0.3076923076923077	0.5714285714285714
8	0.3076923076923077	0.5
9	0.3076923076923077	0.4444444444444444
10	0.3076923076923077	0.4
11	0.3076923076923077	0.36363636363636365
12	0.38461538461538464	0.4166666666666667
13	0.46153846153846156	0.46153846153846156
14	0.46153846153846156	0.42857142857142855
15	0.46153846153846156	0.4
16	0.5384615384615384	0.4375
17	0.5384615384615384	0.4117647058823529
18	0.5384615384615384	0.3888888888888889
19	0.5384615384615384	0.3684210526315789
20	0.5384615384615384	0.35
