1	0.08333333333333333	1.0
2	0.08333333333333333	0.5
3	0.08333333333333333	0.3333333333333333
4	0.16666666666666666	0.5
5	0.16666666666666666	0.4
6	0.25	0.5
7	0.25	0.42857142857142855
8	0.25	0.375
9	0.3333333333333333	0.4444444444444444
10	0.4166666666666667	0.5
11	0.4166666666666667	0.45454545454545453
12	0.5	0.5
13	0.5833333333333334	0.5384615384615384
14	0.5833333333333334	0.5
15	0.5833333333333334	0.4666666666666667
16	0.5833333333333334	0.4375
17	0.5833333333333334	0.4117647058823529
18	0.6666666666666666	0.4444444444444444
19	0.75	0.47368421052631576
20	0.75	0.45
