1	0.0	0.0
2	0.08333333333333333	0.5
3	0.08333333333333333	0.3333333333333333
4	0.08333333333333333	0.25
5	0.08333333333333333	0.2
6	0.16666666666666666	0.3333333333333333
7	0.25	0.42857142857142855
8	0.3333333333333333	0.5
9	0.4166666666666667	0.5555555555555556
10	0.4166666666666667	0.5
11	0.4166666666666667	0.45454545454545453
12	0.4166666666666667	0.4166666666666667
13	0.4166666666666667	0.38461538461538464
14	0.5	0.42857142857142855
15	0.5	0.4
16	0.5	0.375
17	0.5	0.35294117647058826
18	0.5	0.3333333333333333
19	0.5833333333333334	0.3684210526315789
20	0.6666666666666666	0.4
