1	0.0	0.0
2	0.0	0.0
3	0.0	0.0
4	0.0	0.0
5	0.0	0.0
6	0.05555555555555555	0.16666666666666666
7	0.1111111111111111	0.2857142857142857
8	0.16666666666666666	0.375
9	0.16666666666666666	0.3333333333333333
10	0.2222222222222222	0.4
11	0.2222222222222222	0.36363636363636365
12	0.2222222222222222	0.3333333333333333
13	0.2222222222222222	0.3076923076923077
14	0.2777777777777778	0.35714285714285715
15	0.2777777777777778	0.3333333333333333
16	0.3333333333333333	0.375
17	0.3333333333333333	0.35294117647058826
18	0.3333333333333333	0.3333333333333333
19	0.3333333333333333	0.3157894736842105
20	0.3333333333333333	0.3
