1	0.05263157894736842	1.0
2	0.10526315789473684	1.0
3	0.10526315789473684	0.6666666666666666
4	0.15789473684210525	0.75
5	0.15789473684210525	0.6
6	0.21052631578947367	0.6666666666666666
7	0.21052631578947367	0.5714285714285714
8	0.2631578947368421	0.625
9	0.2631578947368421	0.5555555555555556
10	0.2631578947368421	0.5
11	0.3157894736842105	0.5454545454545454
12	0.3157894736842105	0.5
13	0.3157894736842105	0.46153846153846156
14	0.3684210526315789	0.5
15	0.42105263157894735	0.5333333333333333
16	0.42105263157894735	0.5
17	0.42105263157894735	0.47058823529411764
18	0.42105263157894735	0.4444444444444444
19	0.42105263157894735	0.42105263157894735
20	0.42105263157894735	0.4
