1	0.0	0.0
2	0.0	0.0
3	0.045454545454545456	0.3333333333333333
4	0.045454545454545456	0.25
5	0.045454545454545456	0.2
6	0.09090909090909091	0.3333333333333333
7	0.13636363636363635	0.42857142857142855
8	0.13636363636363635	0.375
9	0.13636363636363635	0.3333333333333333
10	0.13636363636363635	0.3
11	0.13636363636363635	0.2727272727272727
12	0.13636363636363635	0.25
13	0.13636363636363635	0.23076923076923078
14	0.13636363636363635	0.21428571428571427
15	0.13636363636363635	0.2
16	0.18181818181818182	0.25
17	0.22727272727272727	0.29411764705882354
18	0.2727272727272727	0.3333333333333333
19	0.2727272727272727	0.3157894736842105
20	0.2727272727272727	0.3
