1	0.02143464722412091	0.14035087719298245
2	0.031301232880180246	0.10701754385964912
3	0.04134996582365002	0.09473684210526313
4	0.04740829346092502	0.08070175438596491
5	0.054058251689830604	0.07228070175438588
6	0.07964773043720406	0.08947368421052627
7	0.09579377737272465	0.09273182957393473
8	0.110132401711349	0.09342105263157895
9	0.11836421862737644	0.08927875243664701
10	0.12619351408825089	0.08631578947368423
11	0.13224082934609246	0.08261562998405107
12	0.13833244727981572	0.07953216374269004
13	0.14597807650439235	0.07719298245614024
14	0.1523246246930458	0.07493734335839601
15	0.1554212551580973	0.07134502923976602
16	0.16208412445254552	0.06973684210526315
17	0.16757297283613068	0.0679050567595458
18	0.17435128224601906	0.06686159844054577
19	0.18082719424824692	0.06574330563250229
20	0.18335434545960866	0.06333333333333335
