1	0.027752539857803026	0.18596491228070175
2	0.036515388274391034	0.12280701754385964
3	0.04322483200599542	0.09824561403508764
4	0.046859796610489106	0.07982456140350877
5	0.05095842036285246	0.07017543859649114
6	0.07696811063154547	0.08947368421052633
7	0.09477857809575255	0.09473684210526302
8	0.11144451757332637	0.09868421052631579
9	0.1286980371121645	0.10019493177387895
10	0.14048027047334524	0.09789473684210527
11	0.1457851994624848	0.09218500797448172
12	0.15430746666896247	0.0894736842105263
13	0.16365457180554127	0.08771929824561389
14	0.17000508289289448	0.08496240601503757
15	0.17539861057174078	0.08210526315789463
16	0.1815626317357619	0.0793859649122807
17	0.1890897829471237	0.07781217750257982
18	0.1918090811927377	0.07446393762183233
19	0.19591100266308023	0.07202216066481988
20	0.20415674327724195	0.07122807017543867
