1	0.02239187712871924	0.1368421052631579
2	0.03477831135725872	0.10877192982456141
3	0.046287640235008636	0.09473684210526309
4	0.05041719489087908	0.07719298245614035
5	0.05117477064845484	0.06315789473684204
6	0.08257819178871806	0.08479532163742692
7	0.0961021921548237	0.0857142857142856
8	0.11370026659500336	0.08947368421052632
9	0.1304000482947852	0.092007797270955
10	0.1372376746060957	0.0877192982456141
11	0.14704126283073657	0.08612440191387562
12	0.15653574495679765	0.08421052631578943
13	0.1641354259775313	0.08178137651821851
14	0.16987316776790468	0.07869674185463667
15	0.1749260778208148	0.07578947368421046
16	0.17866019944967326	0.07280701754385965
17	0.18642266115950332	0.07141382868937036
18	0.19211284816547977	0.06998050682261209
19	0.19794282715335348	0.06851338873499539
20	0.20057440610072189	0.06596491228070178
