1	0.027658361590250143	0.1824561403508772
2	0.03750831326682719	0.12456140350877193
3	0.04574270071174093	0.10409356725146195
4	0.04936404038571218	0.08508771929824561
5	0.053471531335308395	0.07368421052631569
6	0.082473354532178	0.09356725146198835
7	0.10662242813945592	0.1027568922305763
8	0.12751948086313414	0.10701754385964912
9	0.14363873198238525	0.10721247563352805
10	0.15705871986057748	0.10561403508771934
11	0.16771409762121842	0.10271132376395539
12	0.17815719883831344	0.10029239766081866
13	0.18627471485056632	0.0968960863697704
14	0.19094450899404472	0.0924812030075189
15	0.20200785111001837	0.09169590643274839
16	0.20758268563222132	0.08837719298245614
17	0.21199940925947122	0.08503611971104212
18	0.21586323549171849	0.08167641325536067
19	0.21933891816244758	0.07867036011080333
20	0.2267088449905787	0.07719298245614044
