1	0.02433473933473934	0.17192982456140352
2	0.035779133147554175	0.12631578947368421
3	0.04365622337758559	0.10292397660818706
4	0.046012606244804376	0.08421052631578947
5	0.04953436369845038	0.0722807017543859
6	0.08143492865832769	0.09766081871345038
7	0.1008029582895152	0.10225563909774424
8	0.1166259267440626	0.10307017543859649
9	0.13250821517482758	0.10487329434697838
10	0.14301836779024338	0.1024561403508773
11	0.15296537010566671	0.10015948963317389
12	0.16192842115850106	0.09707602339181282
13	0.17125479310097205	0.09527665317138988
14	0.1789699531845532	0.0924812030075189
15	0.18730645099473522	0.09076023391812853
16	0.19252862955486388	0.08771929824561403
17	0.20134097705142198	0.08627450980392143
18	0.20618819610916733	0.08362573099415216
19	0.20843871992315866	0.08014773776546635
20	0.2136170698383506	0.07824561403508777
