1	0.03144401407559303	0.18596491228070175
2	0.03952823979139767	0.11929824561403508
3	0.046291106554264425	0.09590643274853794
4	0.05270436191488818	0.0824561403508772
5	0.05524822156401099	0.06877192982456132
6	0.08514392040707827	0.08888888888888895
7	0.0985273790536948	0.08822055137844602
8	0.11582618161565525	0.09035087719298246
9	0.1293822941191362	0.09005847953216357
10	0.13710298473456364	0.08596491228070179
11	0.1411464266727424	0.08038277511961733
12	0.14891306549201286	0.07748538011695906
13	0.15304004961899692	0.07341430499325224
14	0.1629732158679526	0.07243107769423558
15	0.16761816156552994	0.06947368421052622
16	0.17327953722690562	0.06732456140350877
17	0.17934343434343428	0.06563467492260051
18	0.1817243867243867	0.06296296296296292
19	0.18301093643198904	0.06001846722068325
20	0.18845940609098497	0.05877192982456143
