1	0.027345826687931958	0.17192982456140352
2	0.04147306397306394	0.13333333333333333
3	0.0506730321049206	0.111111111111111
4	0.054417114533213545	0.09035087719298246
5	0.056367456073338366	0.07578947368421045
6	0.08986350680623122	0.1005847953216375
7	0.11245966595037794	0.10827067669172917
8	0.13101623264935958	0.11096491228070175
9	0.143319908505667	0.10799220272904464
10	0.15482678026021685	0.10526315789473693
11	0.1647332772719771	0.10207336523126001
12	0.17062626829654706	0.09736842105263153
13	0.17994691840667087	0.094736842105263
14	0.18974063346354375	0.09248120300751891
15	0.1989207808015859	0.09076023391812851
16	0.2057114949607211	0.08793859649122807
17	0.21310337208944027	0.08606811145510816
18	0.21541540216462826	0.08245614035087727
19	0.2183842622232716	0.07922437673130199
20	0.2219004501976639	0.07649122807017554
