1	0.0322434875066454	0.20701754385964913
2	0.047978785347206385	0.156140350877193
3	0.05627763705163084	0.12280701754385963
4	0.06138858360994581	0.10175438596491228
5	0.06344511382437075	0.08491228070175424
6	0.09125654846243075	0.10292397660818722
7	0.11272923269827283	0.10827067669172918
8	0.12851744059174394	0.10789473684210527
9	0.14528493865955167	0.10877192982456117
10	0.15788601205009875	0.10631578947368421
11	0.16834303696532807	0.10303030303030311
12	0.17819953524287893	0.09970760233918127
13	0.18427072182490142	0.09527665317138982
14	0.1898341753991909	0.09172932330827072
15	0.19701601889682385	0.08865497076023378
16	0.2050278413823306	0.08640350877192983
17	0.21106016818865114	0.08379772961816288
18	0.21423661792856838	0.08070175438596489
19	0.2176172918355581	0.07756232686980609
20	0.22165377192466978	0.07508771929824569
