1	0.02711380058332968	0.16842105263157894
2	0.04171410281521081	0.12982456140350876
3	0.05103462634626066	0.10526315789473671
4	0.055068574853893354	0.0868421052631579
5	0.05862308077682034	0.07438596491228057
6	0.09174521026321573	0.09707602339181298
7	0.10944728709271644	0.09824561403508761
8	0.12467358613480493	0.09912280701754386
9	0.13804729819272762	0.09746588693957095
10	0.1438856313994819	0.09228070175438609
11	0.15533508837525473	0.0902711323763955
12	0.16560520811905868	0.08859649122807005
13	0.17445719920789185	0.08636977058029673
14	0.18454352613632402	0.08521303258145378
15	0.19245370562545083	0.08304093567251448
16	0.19692599746616374	0.07960526315789473
17	0.19935707516039933	0.07595459236326095
18	0.20399505900890946	0.07329434697855756
19	0.20830748147922667	0.0710987996306556
20	0.21379341854411113	0.06912280701754399
