1	0.026612276612276626	0.16842105263157894
2	0.03819274292958502	0.12105263157894737
3	0.04447342131552655	0.09590643274853794
4	0.0509479409479409	0.0824561403508772
5	0.053846854899486436	0.07017543859649115
6	0.08221384509310199	0.08947368421052633
7	0.10150182806529547	0.09473684210526305
8	0.11889231282420136	0.0969298245614035
9	0.13227994858025813	0.09551656920077954
10	0.14163637188404984	0.09228070175438594
11	0.15288801154126233	0.09059011164274332
12	0.1659593651389318	0.09005847953216375
13	0.17378877400549234	0.08744939271255042
14	0.1848640632386763	0.08646616541353384
15	0.19412610723756238	0.08444444444444428
16	0.20486963271793	0.08355263157894736
17	0.2098000142272589	0.0807017543859647
18	0.22545760712169383	0.08206627680311888
19	0.23059266699359587	0.07940904893813477
20	0.2388297125990626	0.07824561403508777
