1	0.02711380058332968	0.16842105263157894
2	0.04171410281521081	0.12731829573934836
3	0.05103462634626066	0.10160818713450281
4	0.055068574853893354	0.0824561403508772
5	0.05862308077682034	0.07052631578947358
6	0.06021038236412193	0.06002126528442313
7	0.06161389113605175	0.052297410192147
8	0.06407838570580948	0.047334682860998636
9	0.06407838570580948	0.042300194931773796
10	0.06478014009177438	0.03847953216374262
11	0.0984982038583146	0.0541866028708135
12	0.11612648508770394	0.058617131062951515
13	0.129278153107793	0.0611785874943769
14	0.14294426282653439	0.0631183221210922
15	0.14808084164732374	0.061812865497075986
16	0.14113709338778593	0.05635964912280702
17	0.1500774999597715	0.0565531475748193
18	0.15853962750084638	0.05653021442495118
19	0.16833355676845987	0.05706371191135728
20	0.1762437362575867	0.056842105263157944
