1	0.02143464722412091	0.13742690058479534
2	0.031301232880180246	0.10325814536340852
3	0.04134996582365002	0.08961988304093566
4	0.04740829346092502	0.0753411306042885
5	0.054058251689830604	0.06736842105263151
6	0.05534480139743294	0.05715045188729396
7	0.055783397888661004	0.04958228905597326
8	0.0575767702083491	0.044433198380566793
9	0.0575767702083491	0.03971038707880807
10	0.0575767702083491	0.03590643274853797
11	0.08297131718184343	0.048524720893141964
12	0.09867876762613598	0.05366357069143446
13	0.11172527277790427	0.05657519868046177
14	0.12086086428191682	0.05699775755177411
15	0.12894078630920733	0.0574269005847953
16	0.11904255588466109	0.05197368421052632
17	0.12513417381838432	0.05159958720330229
18	0.13227854991012883	0.05126705653021434
19	0.13772132351079722	0.0506001846722068
20	0.1405673274094327	0.04894736842105263
