1	0.02433473933473934	0.17192982456140352
2	0.035779133147554175	0.12255639097744361
3	0.04365622337758559	0.09926900584795316
4	0.046012606244804376	0.0817738791423002
5	0.04953436369845038	0.07017543859649118
6	0.05047003621307026	0.05927698032961191
7	0.05047003621307026	0.050960735171261484
8	0.05105483153470768	0.04497300944669365
9	0.051493428025935754	0.040323029796713955
10	0.052078223347573185	0.03660818713450289
11	0.0835443689256627	0.05334928229665081
12	0.1029123985568502	0.059786721706226384
13	0.11815057168976018	0.06333783175888433
14	0.1335942636292971	0.0671283471837489
15	0.14422137530904036	0.0680116959064327
16	0.14620946519186706	0.0662280701754386
17	0.1551725162447014	0.06604747162022692
18	0.16449888818717237	0.0664717348927875
19	0.1722140482707535	0.06592797783933516
20	0.17984879169497064	0.06578947368421056
