1	0.02239187712871924	0.1368421052631579
2	0.03477831135725872	0.1050125313283208
3	0.046287640235008636	0.08888888888888884
4	0.05041719489087908	0.07280701754385964
5	0.05117477064845484	0.05999999999999994
6	0.05117477064845484	0.05023923444976076
7	0.05211044316307471	0.04381787802840433
8	0.05351395193500453	0.039035087719298235
9	0.05351395193500453	0.03483709273182953
10	0.05351395193500453	0.03146198830409354
11	0.08491737307526775	0.046232057416267985
12	0.0983968176073439	0.0498796009631923
13	0.11459138327559375	0.05447593342330179
14	0.13224354592775653	0.059029151826935744
15	0.13908117223906702	0.05842105263157893
16	0.139501580291054	0.05635964912280702
17	0.14810494573652477	0.056346749226006104
18	0.1557046267572584	0.0561403508771929
19	0.16048998759525085	0.054847645429362844
20	0.16554289764816088	0.05385964912280704
