1	0.0322434875066454	0.20116959064327486
2	0.047978785347206385	0.1511278195488722
3	0.05627763705163084	0.11915204678362572
4	0.06138858360994581	0.099317738791423
5	0.06344511382437075	0.08280701754385954
6	0.06503241541167233	0.0701222753854333
7	0.06503241541167233	0.06027568922305764
8	0.06623542293046931	0.053407557354925764
9	0.066554402196817	0.04784182678919513
10	0.06713919751845443	0.04339181286549701
11	0.09394812589085028	0.05633971291866037
12	0.11542081012669236	0.06341589267285859
13	0.13000601050136648	0.06615684510421342
14	0.147540577757296	0.06987204854240862
15	0.15955685582620574	0.07064327485380109
16	0.16032146789112742	0.06776315789473684
17	0.17017796616867828	0.06749226006191937
18	0.1762491527507008	0.06608187134502917
19	0.18072655787052075	0.06463527239150502
20	0.18790840136815368	0.0636842105263158
