1	0.026612276612276626	0.16549707602339184
2	0.03819274292958502	0.11979949874686716
3	0.04447342131552655	0.09517543859649116
4	0.0509479409479409	0.08148148148148147
5	0.053846854899486436	0.06877192982456133
6	0.054348108032318515	0.0577352472089314
7	0.05469898522530097	0.049874686716791974
8	0.05469898522530097	0.0437246963562753
9	0.05540073961126588	0.039181286549707546
10	0.057632708422182044	0.036257309941520426
11	0.08819525160082427	0.05071770334928233
12	0.1096762170291581	0.057636738906088725
13	0.12776845617402896	0.062123256860098876
14	0.14192075611580252	0.0642659279778393
15	0.14904521060867804	0.0633333333333333
16	0.14414971280296354	0.058771929824561406
17	0.1546772067515102	0.05944272445820422
18	0.16180486123210586	0.05906432748538005
19	0.1714137318936081	0.0590951061865189
20	0.18067577589249414	0.05894736842105266
