1	0.027345826687931958	0.17192982456140352
2	0.04147306397306394	0.13082706766917293
3	0.0506730321049206	0.10599415204678354
4	0.054417114533213545	0.08693957115009746
5	0.056367456073338366	0.07333333333333328
6	0.058294495895115025	0.06257309941520468
7	0.058294495895115025	0.05384294068504593
8	0.062163891606616	0.04915654520917677
9	0.062163891606616	0.043887496519075406
10	0.06395169444705041	0.04035087719298241
11	0.09635612724622006	0.05639952153110057
12	0.11895228639036684	0.06468868249054004
13	0.1336394573778475	0.06791123106912572
14	0.14831573139622675	0.06989843028624193
15	0.1583856775033246	0.0701754385964912
16	0.15252080163844875	0.06513157894736842
17	0.15841379266301872	0.06398348813209484
18	0.16773444277314253	0.06393762183235865
19	0.17515555966794355	0.06315789473684205
20	0.18398482981300324	0.06315789473684215
