1	0.03144401407559303	0.18304093567251462
2	0.03952823979139767	0.11679197994987468
3	0.046291106554264425	0.09225146198830404
4	0.05270436191488818	0.0790448343079922
5	0.05524822156401099	0.06631578947368413
6	0.057425887952203686	0.05672514619883037
7	0.057425887952203686	0.04883040935672514
8	0.05786448444343176	0.043151147098515516
9	0.0587416774258879	0.0389863547758284
10	0.0587416774258879	0.035204678362573065
11	0.08681058707374496	0.048265550239234505
12	0.1015975544922913	0.05175438596491229
13	0.11962735120629853	0.05606537711800861
14	0.13289106604896078	0.05807940904893807
15	0.14061175666438822	0.05754385964912274
16	0.1335301637933216	0.05197368421052632
17	0.13989329384066218	0.051186790505675865
18	0.14285068732437145	0.04931773879142292
19	0.15219905825168972	0.049676823638042385
20	0.156844003949267	0.04859649122807018
