1	0.027752539857803026	0.18596491228070175
2	0.036515388274391034	0.12155388471177943
3	0.04322483200599542	0.0953216374269005
4	0.046859796610489106	0.07787524366471735
5	0.05095842036285246	0.06877192982456132
6	0.053019127686717675	0.058692185007974455
7	0.053520380819549754	0.05075187969924809
8	0.05460225216457899	0.04534412955465586
9	0.05577184280785384	0.04093567251461981
10	0.056356638129491265	0.0371929824561403
11	0.0803056210743191	0.04954146730462525
12	0.09875518628288704	0.056140350877192984
13	0.11542530286990119	0.06119358224621374
14	0.13229870544967498	0.064780371982588
15	0.14349614348921827	0.06543859649122805
16	0.13830121171533913	0.060087719298245613
17	0.14568312804462388	0.05964912280701743
18	0.15394418472673316	0.059649122807017445
19	0.1595052221298758	0.05872576177285314
20	0.16489874980872204	0.05789473684210526
