1	0.027658361590250143	0.1736842105263158
2	0.03750831326682719	0.11954887218045113
3	0.04574270071174093	0.09970760233918123
4	0.04936404038571218	0.08118908382066276
5	0.053471531335308395	0.07017543859649115
6	0.053471531335308395	0.05874534821903241
7	0.05531363659846628	0.05142021720969087
8	0.05531363659846628	0.04517543859649122
9	0.055898431920103714	0.04054580896686154
10	0.0569218237329692	0.03707602339181282
11	0.08592364692983882	0.05135566188197774
12	0.10897135601469961	0.059855521155830725
13	0.12986840873837785	0.06585695006747627
14	0.1454028645359915	0.06873763355757816
15	0.15815033779430068	0.06999999999999992
16	0.15914532721034272	0.06710526315789474
17	0.16884768768669706	0.06707946336429295
18	0.17696520369894989	0.06647173489278747
19	0.1816349978424283	0.06481994459833793
20	0.1923474627654195	0.06543859649122813
