1	0,140	0,000	0,000	0,000	
2	0,193	0,021	0,000	0,000	
3	0,239	0,042	0,004	0,000	
4	0,260	0,053	0,011	0,000	
5	0,291	0,060	0,011	0,000	
6	0,358	0,147	0,021	0,011	
7	0,379	0,182	0,070	0,018	
8	0,407	0,211	0,098	0,028	
9	0,411	0,232	0,109	0,042	
10	0,432	0,242	0,126	0,046	
11	0,435	0,249	0,140	0,056	
12	0,439	0,253	0,154	0,070	
13	0,442	0,267	0,172	0,074	
14	0,460	0,274	0,179	0,084	
15	0,463	0,277	0,182	0,088	
16	0,477	0,291	0,186	0,088	
17	0,484	0,295	0,204	0,091	
18	0,491	0,305	0,218	0,098	
19	0,495	0,309	0,228	0,112	
20	0,495	0,312	0,232	0,116	
