1	0,207	0,000	0,000	0,000	
2	0,270	0,042	0,000	0,000	
3	0,302	0,056	0,011	0,000	
4	0,323	0,070	0,014	0,000	
5	0,333	0,070	0,021	0,000	
6	0,421	0,154	0,035	0,007	
7	0,463	0,207	0,063	0,018	
8	0,481	0,260	0,084	0,028	
9	0,498	0,305	0,119	0,039	
10	0,512	0,323	0,151	0,056	
11	0,523	0,344	0,161	0,077	
12	0,537	0,365	0,172	0,088	
13	0,537	0,368	0,186	0,095	
14	0,544	0,389	0,196	0,095	
15	0,547	0,400	0,211	0,102	
16	0,558	0,404	0,225	0,123	
17	0,575	0,414	0,232	0,126	
18	0,579	0,418	0,232	0,133	
19	0,586	0,421	0,242	0,133	
20	0,593	0,425	0,249	0,137	
