1	0,168	0,000	0,000	0,000	
2	0,225	0,018	0,000	0,000	
3	0,246	0,039	0,004	0,000	
4	0,270	0,056	0,004	0,000	
5	0,284	0,060	0,007	0,000	
6	0,361	0,144	0,025	0,007	
7	0,396	0,179	0,074	0,011	
8	0,428	0,225	0,095	0,025	
9	0,446	0,253	0,112	0,042	
10	0,474	0,263	0,123	0,049	
11	0,502	0,277	0,133	0,060	
12	0,523	0,295	0,161	0,063	
13	0,533	0,312	0,172	0,074	
14	0,561	0,326	0,182	0,081	
15	0,572	0,340	0,193	0,098	
16	0,582	0,372	0,211	0,109	
17	0,596	0,372	0,211	0,119	
18	0,628	0,421	0,225	0,130	
19	0,635	0,432	0,232	0,133	
20	0,642	0,435	0,246	0,144	
