1	0,182	0,000	0,000	0,000	
2	0,214	0,035	0,000	0,000	
3	0,253	0,053	0,007	0,000	
4	0,277	0,053	0,007	0,004	
5	0,298	0,060	0,007	0,004	
6	0,386	0,137	0,032	0,007	
7	0,449	0,193	0,060	0,018	
8	0,481	0,249	0,098	0,025	
9	0,505	0,270	0,126	0,053	
10	0,523	0,284	0,151	0,077	
11	0,540	0,298	0,165	0,095	
12	0,558	0,309	0,186	0,102	
13	0,565	0,316	0,200	0,105	
14	0,565	0,323	0,204	0,116	
15	0,575	0,337	0,225	0,130	
16	0,586	0,337	0,225	0,137	
17	0,593	0,351	0,225	0,140	
18	0,600	0,354	0,228	0,151	
19	0,604	0,354	0,242	0,154	
20	0,614	0,368	0,249	0,158	
