1	0,137	0,000	0,000	0,000	
2	0,186	0,032	0,000	0,000	
3	0,239	0,042	0,004	0,000	
4	0,253	0,053	0,004	0,000	
5	0,260	0,053	0,004	0,000	
6	0,365	0,123	0,021	0,000	
7	0,386	0,151	0,049	0,014	
8	0,421	0,196	0,063	0,032	
9	0,435	0,225	0,116	0,039	
10	0,442	0,235	0,123	0,053	
11	0,453	0,253	0,133	0,074	
12	0,470	0,253	0,151	0,091	
13	0,484	0,263	0,158	0,102	
14	0,495	0,274	0,161	0,105	
15	0,498	0,284	0,165	0,105	
16	0,505	0,288	0,172	0,105	
17	0,512	0,312	0,175	0,109	
18	0,516	0,323	0,186	0,112	
19	0,519	0,337	0,193	0,119	
20	0,523	0,337	0,200	0,126	
