1	0,172	0,000	0,000	0,000	
2	0,232	0,035	0,000	0,000	
3	0,274	0,053	0,007	0,000	
4	0,288	0,067	0,007	0,000	
5	0,291	0,081	0,007	0,000	
6	0,400	0,144	0,053	0,007	
7	0,446	0,186	0,102	0,025	
8	0,498	0,221	0,116	0,049	
9	0,502	0,260	0,137	0,067	
10	0,509	0,284	0,158	0,088	
11	0,526	0,305	0,179	0,091	
12	0,530	0,316	0,189	0,098	
13	0,533	0,326	0,214	0,109	
14	0,551	0,347	0,228	0,116	
15	0,561	0,361	0,242	0,126	
16	0,572	0,368	0,246	0,144	
17	0,586	0,375	0,256	0,151	
18	0,586	0,375	0,260	0,151	
19	0,586	0,379	0,267	0,158	
20	0,593	0,382	0,270	0,161	
