1	0,186	0,000	0,000	0,000	
2	0,225	0,021	0,000	0,000	
3	0,253	0,035	0,007	0,000	
4	0,267	0,039	0,014	0,000	
5	0,288	0,039	0,018	0,007	
6	0,365	0,140	0,021	0,007	
7	0,414	0,168	0,060	0,011	
8	0,442	0,211	0,084	0,032	
9	0,467	0,256	0,109	0,046	
10	0,474	0,274	0,130	0,063	
11	0,484	0,281	0,133	0,074	
12	0,495	0,291	0,151	0,084	
13	0,512	0,298	0,161	0,105	
14	0,519	0,316	0,172	0,109	
15	0,523	0,316	0,175	0,123	
16	0,530	0,333	0,179	0,123	
17	0,537	0,337	0,196	0,126	
18	0,540	0,344	0,196	0,126	
19	0,544	0,351	0,204	0,126	
20	0,568	0,358	0,214	0,130	
