1	0,168	0,000	0,000	0,000	
2	0,249	0,011	0,000	0,000	
3	0,288	0,028	0,000	0,000	
4	0,302	0,042	0,004	0,000	
5	0,319	0,049	0,004	0,000	
6	0,425	0,133	0,025	0,000	
7	0,442	0,168	0,063	0,014	
8	0,474	0,207	0,081	0,032	
9	0,491	0,218	0,119	0,039	
10	0,505	0,228	0,126	0,046	
11	0,526	0,246	0,144	0,049	
12	0,551	0,263	0,158	0,060	
13	0,554	0,284	0,165	0,077	
14	0,565	0,302	0,200	0,084	
15	0,579	0,309	0,204	0,105	
16	0,593	0,316	0,204	0,109	
17	0,604	0,319	0,204	0,109	
18	0,604	0,330	0,214	0,112	
19	0,604	0,330	0,228	0,119	
20	0,611	0,337	0,239	0,119	
