1	0,172	0,000	0,000	0,000	
2	0,225	0,028	0,000	0,000	
3	0,253	0,053	0,004	0,000	
4	0,256	0,067	0,011	0,004	
5	0,274	0,067	0,018	0,004	
6	0,396	0,126	0,049	0,011	
7	0,432	0,161	0,081	0,035	
8	0,467	0,193	0,102	0,042	
9	0,488	0,225	0,147	0,060	
10	0,505	0,253	0,151	0,070	
11	0,509	0,270	0,175	0,095	
12	0,512	0,281	0,189	0,109	
13	0,526	0,302	0,189	0,123	
14	0,533	0,309	0,200	0,137	
15	0,537	0,333	0,204	0,147	
16	0,547	0,337	0,214	0,151	
17	0,561	0,351	0,221	0,161	
18	0,568	0,361	0,228	0,165	
19	0,568	0,368	0,232	0,165	
20	0,572	0,379	0,242	0,172	
