1	0,186	0,000	0,000	0,000	
2	0,218	0,021	0,000	0,000	
3	0,249	0,035	0,004	0,000	
4	0,274	0,042	0,011	0,004	
5	0,274	0,053	0,014	0,004	
6	0,361	0,123	0,035	0,014	
7	0,379	0,165	0,056	0,014	
8	0,418	0,193	0,088	0,018	
9	0,432	0,239	0,105	0,021	
10	0,435	0,256	0,116	0,025	
11	0,442	0,260	0,123	0,028	
12	0,453	0,263	0,137	0,042	
13	0,467	0,267	0,137	0,049	
14	0,477	0,284	0,147	0,056	
15	0,488	0,288	0,154	0,060	
16	0,491	0,291	0,165	0,070	
17	0,505	0,298	0,168	0,081	
18	0,509	0,305	0,168	0,084	
19	0,509	0,305	0,172	0,088	
20	0,523	0,309	0,179	0,098	
