1	0.0	0.0
2	0.0	0.0
3	0.0	0.0
4	0.058823529411764705	0.25
5	0.058823529411764705	0.2
6	0.058823529411764705	0.16666666666666666
7	0.058823529411764705	0.14285714285714285
8	0.058823529411764705	0.125
9	0.058823529411764705	0.1111111111111111
10	0.058823529411764705	0.1
11	0.058823529411764705	0.09090909090909091
12	0.058823529411764705	0.08333333333333333
13	0.058823529411764705	0.07692307692307693
14	0.058823529411764705	0.07142857142857142
15	0.058823529411764705	0.06666666666666667
16	0.11764705882352941	0.125
17	0.11764705882352941	0.11764705882352941
18	0.17647058823529413	0.16666666666666666
19	0.23529411764705882	0.21052631578947367
20	0.23529411764705882	0.2
