1	0.05263157894736842	1.0
2	0.10526315789473684	1.0
3	0.15789473684210525	1.0
4	0.21052631578947367	1.0
5	0.2631578947368421	1.0
6	0.2631578947368421	0.8333333333333334
7	0.2631578947368421	0.7142857142857143
8	0.2631578947368421	0.625
9	0.2631578947368421	0.5555555555555556
10	0.2631578947368421	0.5
11	0.3157894736842105	0.5454545454545454
12	0.3684210526315789	0.5833333333333334
13	0.42105263157894735	0.6153846153846154
14	0.47368421052631576	0.6428571428571429
15	0.47368421052631576	0.6
16	0.47368421052631576	0.5625
17	0.47368421052631576	0.5294117647058824
18	0.47368421052631576	0.5
19	0.5263157894736842	0.5263157894736842
20	0.5789473684210527	0.55
