1	0.05555555555555555	1.0
2	0.1111111111111111	1.0
3	0.1111111111111111	0.6666666666666666
4	0.1111111111111111	0.5
5	0.1111111111111111	0.4
6	0.16666666666666666	0.5
7	0.16666666666666666	0.42857142857142855
8	0.2222222222222222	0.5
9	0.2777777777777778	0.5555555555555556
10	0.3333333333333333	0.6
11	0.3333333333333333	0.5454545454545454
12	0.3333333333333333	0.5
13	0.3333333333333333	0.46153846153846156
14	0.3333333333333333	0.42857142857142855
15	0.3333333333333333	0.4
16	0.3333333333333333	0.375
17	0.3333333333333333	0.35294117647058826
18	0.3333333333333333	0.3333333333333333
19	0.3888888888888889	0.3684210526315789
20	0.4444444444444444	0.4
