1	0.0	0.0
2	0.0	0.0
3	0.0	0.0
4	0.0	0.0
5	0.0	0.0
6	0.0	0.0
7	0.06666666666666667	0.14285714285714285
8	0.13333333333333333	0.25
9	0.13333333333333333	0.2222222222222222
10	0.13333333333333333	0.2
11	0.2	0.2727272727272727
12	0.2	0.25
13	0.26666666666666666	0.3076923076923077
14	0.26666666666666666	0.2857142857142857
15	0.26666666666666666	0.26666666666666666
16	0.26666666666666666	0.25
17	0.26666666666666666	0.23529411764705882
18	0.26666666666666666	0.2222222222222222
19	0.3333333333333333	0.2631578947368421
20	0.3333333333333333	0.25
