1	0.022786992958881477	0.192
2	0.03457113788859918	0.1528
3	0.04011855246232957	0.11999999999999995
4	0.04479492778291542	0.1004
5	0.048356699928898086	0.08736000000000015
6	0.06326730137423639	0.09599999999999989
7	0.07433188824934962	0.09737142857142879
8	0.08359966994134181	0.096
9	0.0914917234055934	0.09386666666666686
10	0.0977371886524209	0.09008000000000026
11	0.10333205518939273	0.08712727272727291
12	0.11312738554187488	0.08733333333333335
13	0.11732320948401463	0.08393846153846174
14	0.11959153187369925	0.07977142857142865
15	0.12352600958037513	0.07722666666666683
16	0.126357919658601	0.0742
17	0.12947550710039896	0.07162352941176481
18	0.13279015385715096	0.06906666666666697
19	0.13450772961472668	0.06627368421052653
20	0.13663246324367084	0.06408000000000003
