1	0.021420021540207272	0.1888
2	0.030406822547937095	0.136
3	0.03633827964948708	0.11306666666666672
4	0.04199048802590597	0.098
5	0.04598782385828825	0.08704000000000016
6	0.06072845400901134	0.09493333333333322
7	0.07305326821097723	0.09851428571428592
8	0.08154005903281453	0.0964
9	0.08771133582619658	0.09244444444444463
10	0.09276470820545132	0.0878400000000002
11	0.09808277212983109	0.08480000000000021
12	0.10258087912087924	0.08173333333333341
13	0.10581389499389514	0.07753846153846172
14	0.10966107718906497	0.07485714285714293
15	0.1199679065001048	0.07605333333333356
16	0.12439345033363618	0.074
17	0.12754814067253703	0.07190588235294139
18	0.13042961762695515	0.06951111111111136
19	0.13333252648280514	0.06745263157894754
20	0.13436861927889795	0.06464
