1	0.021555934942250724	0.192
2	0.0329669945946726	0.148
3	0.04071971791538355	0.12213333333333341
4	0.045057733233398845	0.1024
5	0.04747368172934735	0.08672000000000016
6	0.061999163334086	0.09546666666666656
7	0.07342033311030226	0.09737142857142878
8	0.08233833429040868	0.0962
9	0.08966881410299375	0.09333333333333356
10	0.09466097889726381	0.08896000000000022
11	0.1007685579848429	0.0855272727272729
12	0.11245880757013897	0.0872000000000001
13	0.11826201769334917	0.08455384615384649
14	0.1213037979701759	0.08068571428571429
15	0.1250147906032738	0.07765333333333362
16	0.1276783662089547	0.0744
17	0.13025711412770258	0.07152941176470615
18	0.13286263305322152	0.06888888888888924
19	0.13451509754779126	0.0660210526315792
20	0.1365544226671164	0.06376000000000002
