1	0.02282226267025027	0.2064
2	0.0346601363273809	0.156
3	0.043656755848210965	0.1317333333333332
4	0.049814666826121935	0.112
5	0.05320148288587917	0.0963200000000002
6	0.06884588194742998	0.10426666666666652
7	0.07874934488971644	0.10331428571428594
8	0.08450745188076461	0.0974
9	0.09190249970875364	0.09422222222222237
10	0.09711192345322382	0.09008000000000027
11	0.10053549164973319	0.08494545454545473
12	0.10700797250221401	0.08266666666666672
13	0.11104104305738981	0.07938461538461553
14	0.11539298807144008	0.07668571428571436
15	0.1255345182371807	0.0777600000000002
16	0.1297253940280566	0.0753
17	0.1329586672563762	0.0726588235294119
18	0.1360619639596729	0.07004444444444474
19	0.13772039441810333	0.06720000000000023
20	0.13947020888296421	0.06472000000000006
