1	0.02254467459612969	0.2
2	0.03388199537648452	0.1536
3	0.04105791706745266	0.12533333333333327
4	0.04608024633776956	0.106
5	0.051196665240504265	0.0950400000000002
6	0.06701353692746881	0.10293333333333325
7	0.07973532591935072	0.10514285714285736
8	0.08602206701451287	0.0994
9	0.092500235766985	0.09564444444444462
10	0.09960323991797675	0.09280000000000026
11	0.1051784172552594	0.08916363636363658
12	0.10998607890217804	0.08560000000000005
13	0.11253643661464101	0.08073846153846168
14	0.11609272238597317	0.07760000000000004
15	0.12654264416010555	0.07861333333333355
16	0.12907720737466885	0.0752
17	0.132381416498878	0.07284705882352958
18	0.13413073828819977	0.06968888888888912
19	0.13666560629600893	0.06728421052631596
20	0.13948042826798257	0.06544000000000003
