1	0.02014432488735893	0.1776
2	0.031641864396353525	0.1456
3	0.03868545776205218	0.11840000000000013
4	0.04302061289931257	0.1004
5	0.04650010007879976	0.08704000000000019
6	0.06179954448716063	0.0959999999999999
7	0.07324921432196983	0.09805714285714319
8	0.08189077243362083	0.0962
9	0.08772082443871929	0.09120000000000021
10	0.09360493728493739	0.08736000000000028
11	0.09920831299419541	0.0843636363636365
12	0.10409422191155945	0.08200000000000003
13	0.10667282758521157	0.07778461538461554
14	0.11101583767453752	0.07508571428571435
15	0.12060559500355185	0.07594666666666687
16	0.1264661408904135	0.0748
17	0.1316599628785389	0.07360000000000017
18	0.13450617444475046	0.0708444444444447
19	0.13697717422584313	0.06854736842105279
20	0.13992104509181924	0.06655999999999995
