1	0.02509192764579759	0.2096
2	0.03528712750613678	0.156
3	0.04269136153835843	0.12853333333333328
4	0.04773461729876587	0.1092
5	0.05178124902960816	0.09536000000000022
6	0.06685664284803608	0.10266666666666656
7	0.080751416371726	0.10788571428571452
8	0.0880609946022331	0.1036
9	0.09455500098800418	0.09902222222222244
10	0.10001348309069681	0.09408000000000023
11	0.10635221142118985	0.09149090909090929
12	0.11143025970933101	0.08786666666666672
13	0.11525319899227034	0.08418461538461557
14	0.11965245133951034	0.08114285714285721
15	0.12755164958880139	0.08117333333333353
16	0.13152050213975924	0.0787
17	0.13703950075380428	0.07745882352941191
18	0.13906443581873928	0.07431111111111137
19	0.14195743663972774	0.07225263157894753
20	0.14440428312657427	0.06984000000000001
