1	0.02305456445171614	0.2
2	0.033571761661111484	0.1488
3	0.04068982203211306	0.12106666666666663
4	0.04539915048144152	0.1028
5	0.049187240004577484	0.09024000000000021
6	0.0650221382057915	0.0989333333333332
7	0.07680735259236814	0.10080000000000025
8	0.08366053924060125	0.0968
9	0.09042728040449408	0.09333333333333356
10	0.09623067981210402	0.0889600000000002
11	0.10356525735014904	0.08698181818181838
12	0.10896019574508743	0.08386666666666673
13	0.11164569387269091	0.07950769230769247
14	0.11777104835309182	0.0777142857142858
15	0.12567175777095296	0.07722666666666687
16	0.12905662097792145	0.0744
17	0.13123496544047641	0.07143529411764721
18	0.13372403917376066	0.0688888888888892
19	0.13553561713827983	0.06610526315789499
20	0.13751212507478777	0.06360000000000002
