1	0.020519196194242625	0.1696
2	0.03372659209383667	0.1424
3	0.04231605942045569	0.12000000000000002
4	0.046291716278217813	0.0984
5	0.048904198532805344	0.08320000000000011
6	0.062400767316618796	0.08906666666666654
7	0.07496378256762168	0.0921142857142859
8	0.08270594073281387	0.0902
9	0.08916653471055955	0.08657777777777788
10	0.09613846105047358	0.08432000000000016
11	0.10114072685484463	0.08087272727272742
12	0.1060019547703759	0.07826666666666668
13	0.10891857213993449	0.07446153846153854
14	0.1121115330008829	0.07165714285714292
15	0.12199546971776074	0.07242666666666682
16	0.12554259510699137	0.07
17	0.12702543811193964	0.06672941176470601
18	0.12913993093937365	0.06408888888888907
19	0.13084191924346725	0.06155789473684226
20	0.13304696367272223	0.059599999999999966
