1	0.025240322807567363	0.2096
2	0.03770627463351921	0.1584
3	0.044996126089253026	0.12906666666666664
4	0.05106209107026446	0.1104
5	0.05542513971752366	0.09632000000000022
6	0.06916343155296724	0.10159999999999987
7	0.08009019145972719	0.10102857142857168
8	0.08720530506988725	0.0962
9	0.09456811921480664	0.09280000000000024
10	0.09962657095914076	0.08816000000000028
11	0.1114903456158566	0.08916363636363661
12	0.11756527708961165	0.08680000000000009
13	0.12129115845970355	0.08258461538461567
14	0.1250887222031496	0.07920000000000008
15	0.1276240438405765	0.07552000000000024
16	0.13018401703559612	0.0722
17	0.13333289178657612	0.06955294117647072
18	0.13574801140380097	0.0670222222222225
19	0.1384045770603666	0.06467368421052651
20	0.14233320620899573	0.06327999999999993
