1	0.020519196194242625	0.16826666666666668
2	0.03372659209383667	0.14182857142857141
3	0.04231605942045569	0.11900000000000005
4	0.046291716278217813	0.0975111111111111
5	0.048904198532805344	0.0824000000000001
6	0.048904198532805344	0.0687272727272727
7	0.04908197631058313	0.05908571428571429
8	0.04908197631058313	0.05173846153846154
9	0.04908197631058313	0.046019047619047494
10	0.04908197631058313	0.041440000000000046
11	0.06257854509439656	0.04845454545454546
12	0.07516378256762166	0.05359215686274507
13	0.08290594073281388	0.05539145299145292
14	0.08972653471055955	0.05572932330827076
15	0.10481043195538571	0.05965333333333334
16	0.10004997316409095	0.055
17	0.10471120107962222	0.05458823529411752
18	0.10762781844918082	0.05315555555555564
19	0.11046077931012921	0.05204210526315795
20	0.11223274512209498	0.05024000000000005
