1	0.021420021540207272	0.1888
2	0.030406822547937095	0.136
3	0.03633827964948708	0.11173333333333342
4	0.04199048802590597	0.09666666666666668
5	0.04598782385828825	0.08592000000000015
6	0.04598782385828825	0.07168484848484843
7	0.04624092327349294	0.06190476190476193
8	0.04624092327349294	0.05423076923076923
9	0.04624092327349294	0.048253968253968146
10	0.04624092327349294	0.04346666666666674
11	0.06098155342421603	0.05176363636363639
12	0.07373500490565511	0.05763921568627452
13	0.08238179572749241	0.05960341880341881
14	0.08934164394944591	0.060054135338345915
15	0.10151002412791901	0.062293333333333374
16	0.09684780791276158	0.0573
17	0.10066417820913189	0.0561882352941176
18	0.1037371940821478	0.054488888888889
19	0.10679580484874616	0.0533894736842106
20	0.10998762636056765	0.05224000000000009
