1	0.02282226267025027	0.20506666666666665
2	0.0346601363273809	0.15542857142857142
3	0.043656755848210965	0.12939999999999993
4	0.049814666826121935	0.11044444444444446
5	0.05320148288587917	0.09520000000000019
6	0.05320148288587917	0.07941818181818172
7	0.054070054314450604	0.06866666666666676
8	0.054070054314450604	0.06015384615384617
9	0.054070054314450604	0.05352380952380944
10	0.054070054314450604	0.04821333333333342
11	0.06971445337600142	0.056954545454545494
12	0.07932458298495453	0.060117647058823456
13	0.08508268997600268	0.05982905982905979
14	0.0929355155817695	0.0607458646616543
15	0.103865557071068	0.06288000000000005
16	0.09835136466560618	0.0573
17	0.10424860742284897	0.05703529411764699
18	0.10828167797802474	0.056088888888888994
19	0.11217584521429722	0.05507368421052639
20	0.11659675763520959	0.054320000000000083
