1	0.02509192764579759	0.2096
2	0.03528712750613678	0.156
3	0.04269136153835843	0.1275333333333333
4	0.04773461729876587	0.10853333333333334
5	0.05178124902960816	0.0947200000000002
6	0.05178124902960816	0.07898181818181813
7	0.05198124902960815	0.06786666666666677
8	0.05198124902960815	0.05941538461538462
9	0.05198124902960815	0.05283809523809513
10	0.05198124902960815	0.04757333333333343
11	0.06705664284803607	0.05591818181818188
12	0.08130229356470847	0.06311372549019602
13	0.08861187179521555	0.06393846153846154
14	0.09553294585015958	0.06409624060150393
15	0.10534539382186453	0.06530666666666671
16	0.10547276279963597	0.0624
17	0.10999993389479469	0.06117647058823527
18	0.113822873177734	0.06000000000000019
19	0.11779505785580106	0.0587789473684212
20	0.12134029023607984	0.05776000000000008
