1	0.025240322807567363	0.20826666666666666
2	0.03770627463351921	0.15782857142857143
3	0.044996126089253026	0.1274
4	0.05106209107026446	0.10884444444444445
5	0.05542513971752366	0.09520000000000022
6	0.05542513971752366	0.0794181818181817
7	0.055958473050856994	0.06853333333333347
8	0.055958473050856994	0.06003076923076923
9	0.055958473050856994	0.053409523809523726
10	0.056091806384190326	0.04821333333333345
11	0.07583878508832086	0.05870000000000017
12	0.08739544398497977	0.06230588235294127
13	0.09451055759513982	0.062413675213675364
14	0.10218448285117038	0.06289323308270683
15	0.1071096012621711	0.06176000000000011
16	0.10381593936850918	0.057
17	0.10872763851903182	0.056564705882352975
18	0.11245351988912368	0.055200000000000145
19	0.11593997252145871	0.053978947368421154
20	0.11847529415888562	0.05248000000000006
