1	0.021555934942250724	0.192
2	0.0329669945946726	0.148
3	0.04071971791538355	0.12213333333333341
4	0.045057733233398845	0.1024
5	0.04747368172934735	0.08656000000000015
6	0.04747368172934735	0.07214545454545444
7	0.04806003093569656	0.062380952380952384
8	0.04806003093569656	0.05461538461538462
9	0.04806003093569656	0.048571428571428446
10	0.04806003093569656	0.04373333333333341
11	0.06327186174678441	0.05282727272727279
12	0.08104077110368146	0.06046274509803927
13	0.09229021861523423	0.06374017094017108
14	0.09962069842781932	0.06431278195488735
15	0.10508905369827985	0.0636533333333334
16	0.09941585957214447	0.0579
17	0.10417202037041057	0.05722352941176469
18	0.10764378416217439	0.055911111111111265
19	0.11068556443900111	0.054568421052631676
20	0.11392036659590855	0.053360000000000095
