1	0.022786992958881477	0.18933333333333333
2	0.03457113788859918	0.1505142857142857
3	0.04011855246232957	0.11866666666666663
4	0.04479492778291542	0.09951111111111113
5	0.048356699928898086	0.08656000000000015
6	0.048356699928898086	0.07219393939393928
7	0.048356699928898086	0.061923809523809575
8	0.048356699928898086	0.05421538461538462
9	0.04903748424262358	0.04867301587301576
10	0.049894627099766435	0.044266666666666746
11	0.06554046664034284	0.053336363636363696
12	0.0824466783921274	0.06083921568627451
13	0.09171446008411961	0.062905982905983
14	0.09892572923464574	0.06352481203007536
15	0.10507283950311833	0.06298666666666673
16	0.10010269944709581	0.0582
17	0.1040564049229066	0.056941176470588155
18	0.10825222886504632	0.056177777777777965
19	0.11052055125473094	0.05456842105263166
20	0.11369624108261892	0.0536000000000001
