1	0.02254467459612969	0.19866666666666669
2	0.03388199537648452	0.15302857142857143
3	0.04105791706745266	0.12366666666666665
4	0.04608024633776956	0.10488888888888889
5	0.051196665240504265	0.0939200000000002
6	0.051196665240504265	0.07835151515151509
7	0.05204428428812331	0.06788571428571437
8	0.05204428428812331	0.05947692307692307
9	0.05204428428812331	0.05292698412698402
10	0.05204428428812331	0.04768000000000009
11	0.06786115597508785	0.056327272727272795
12	0.08051286977899984	0.06133333333333337
13	0.08679961087416199	0.06120341880341882
14	0.09359777962663411	0.06179849624060158
15	0.10788398116503388	0.06546666666666667
16	0.10330089921774131	0.0601
17	0.10733101700501085	0.058823529411764636
18	0.10988137471747382	0.056800000000000114
19	0.11311766048880602	0.055494736842105305
20	0.11638438487553042	0.05408000000000011
