1	0.02305456445171614	0.2
2	0.033571761661111484	0.1488
3	0.04068982203211306	0.12039999999999995
4	0.04539915048144152	0.10213333333333334
5	0.049187240004577484	0.08944000000000021
6	0.049187240004577484	0.07459393939393932
7	0.04991023840968115	0.06464761904761912
8	0.04991023840968115	0.056630769230769235
9	0.050024524123966865	0.050501587301587186
10	0.050024524123966865	0.045493333333333434
11	0.06585942232518088	0.05433636363636374
12	0.07759687640189195	0.05887843137254907
13	0.08445006305012503	0.05967179487179492
14	0.0914998811370948	0.06025864661654149
15	0.10384965253528729	0.06245333333333337
16	0.1019961694789559	0.0587
17	0.1067158697786562	0.0577882352941176
18	0.10940136790625961	0.05608888888888907
19	0.11512935974929792	0.05574736842105275
20	0.11648369717657656	0.05360000000000004
