1	0.02014432488735893	0.1776
2	0.031641864396353525	0.1456
3	0.03868545776205218	0.11773333333333348
4	0.04302061289931257	0.09995555555555556
5	0.04650010007879976	0.08640000000000018
6	0.04650010007879976	0.07204848484848485
7	0.046580100078799765	0.061923809523809555
8	0.046703177001876685	0.05433846153846154
9	0.046703177001876685	0.04833015873015861
10	0.046703177001876685	0.04352000000000009
11	0.06200262141023757	0.05238181818181821
12	0.07378983510469589	0.057380392156862685
13	0.08230831629326997	0.05926153846153846
14	0.08851836829836841	0.05895338345864675
15	0.10016832764758475	0.061120000000000035
16	0.09841666464254704	0.0574
17	0.10288502970026195	0.05703529411764702
18	0.1054636353739141	0.05537777777777791
19	0.10942664546324002	0.054315789473684296
20	0.11325055628925615	0.05344000000000008
