1	0,200	0,000	0,000	0,000	
2	0,270	0,037	0,000	0,000	
3	0,317	0,056	0,003	0,000	
4	0,336	0,077	0,010	0,002	
5	0,357	0,096	0,021	0,002	
6	0,398	0,168	0,043	0,006	
7	0,430	0,202	0,077	0,024	
8	0,438	0,224	0,088	0,037	
9	0,448	0,243	0,106	0,050	
10	0,456	0,264	0,118	0,058	
11	0,462	0,277	0,136	0,066	
12	0,474	0,293	0,144	0,069	
13	0,478	0,299	0,150	0,072	
14	0,488	0,307	0,157	0,080	
15	0,552	0,322	0,165	0,082	
16	0,563	0,323	0,171	0,083	
17	0,566	0,334	0,178	0,086	
18	0,568	0,341	0,184	0,086	
19	0,568	0,346	0,195	0,090	
20	0,570	0,350	0,205	0,094	
