1	0,200	0,000	0,000	0,000	
2	0,267	0,030	0,000	0,000	
3	0,299	0,059	0,005	0,000	
4	0,322	0,080	0,010	0,000	
5	0,344	0,091	0,014	0,002	
6	0,390	0,157	0,037	0,010	
7	0,421	0,194	0,074	0,016	
8	0,435	0,222	0,085	0,027	
9	0,451	0,242	0,101	0,032	
10	0,462	0,254	0,112	0,040	
11	0,467	0,275	0,131	0,053	
12	0,478	0,282	0,144	0,059	
13	0,483	0,291	0,149	0,061	
14	0,493	0,309	0,162	0,069	
15	0,552	0,314	0,162	0,075	
16	0,560	0,322	0,166	0,085	
17	0,562	0,325	0,171	0,091	
18	0,570	0,333	0,173	0,093	
19	0,571	0,338	0,174	0,094	
20	0,573	0,342	0,176	0,099	
