1	0,178	0,000	0,000	0,000	
2	0,266	0,026	0,000	0,000	
3	0,312	0,040	0,003	0,000	
4	0,338	0,056	0,006	0,002	
5	0,357	0,067	0,006	0,003	
6	0,403	0,138	0,026	0,005	
7	0,442	0,162	0,064	0,013	
8	0,466	0,186	0,078	0,029	
9	0,474	0,208	0,086	0,035	
10	0,485	0,230	0,093	0,045	
11	0,486	0,253	0,107	0,051	
12	0,494	0,270	0,122	0,061	
13	0,498	0,277	0,128	0,067	
14	0,507	0,283	0,141	0,072	
15	0,555	0,302	0,152	0,080	
16	0,570	0,317	0,162	0,091	
17	0,579	0,326	0,170	0,098	
18	0,581	0,330	0,174	0,106	
19	0,581	0,333	0,186	0,110	
20	0,589	0,338	0,192	0,115	
