1	0,206	0,000	0,000	0,000	
2	0,272	0,040	0,000	0,000	
3	0,325	0,066	0,005	0,000	
4	0,350	0,088	0,010	0,000	
5	0,365	0,104	0,013	0,000	
6	0,410	0,165	0,042	0,010	
7	0,434	0,202	0,067	0,016	
8	0,445	0,224	0,078	0,024	
9	0,454	0,250	0,099	0,034	
10	0,458	0,266	0,118	0,038	
11	0,458	0,275	0,126	0,050	
12	0,475	0,285	0,133	0,064	
13	0,485	0,290	0,142	0,070	
14	0,493	0,301	0,150	0,077	
15	0,538	0,320	0,162	0,085	
16	0,546	0,325	0,173	0,091	
17	0,549	0,336	0,176	0,098	
18	0,555	0,342	0,182	0,099	
19	0,558	0,346	0,187	0,099	
20	0,558	0,347	0,189	0,106	
