1	0,192	0,000	0,000	0,000	
2	0,270	0,026	0,000	0,000	
3	0,312	0,048	0,006	0,000	
4	0,331	0,064	0,013	0,002	
5	0,341	0,078	0,013	0,002	
6	0,387	0,147	0,034	0,005	
7	0,416	0,190	0,059	0,014	
8	0,435	0,214	0,088	0,027	
9	0,445	0,238	0,106	0,038	
10	0,448	0,250	0,122	0,045	
11	0,459	0,262	0,134	0,054	
12	0,526	0,274	0,141	0,064	
13	0,542	0,290	0,152	0,064	
14	0,547	0,294	0,160	0,067	
15	0,552	0,304	0,168	0,075	
16	0,562	0,309	0,168	0,080	
17	0,568	0,310	0,176	0,086	
18	0,570	0,315	0,176	0,093	
19	0,571	0,322	0,179	0,093	
20	0,574	0,326	0,182	0,096	
