1	0,189	0,000	0,000	0,000	
2	0,250	0,022	0,000	0,000	
3	0,285	0,048	0,006	0,000	
4	0,315	0,064	0,010	0,003	
5	0,333	0,077	0,019	0,005	
6	0,371	0,150	0,034	0,008	
7	0,402	0,192	0,066	0,018	
8	0,419	0,226	0,085	0,024	
9	0,432	0,238	0,102	0,035	
10	0,440	0,245	0,117	0,048	
11	0,446	0,254	0,131	0,061	
12	0,456	0,267	0,138	0,067	
13	0,459	0,275	0,142	0,070	
14	0,467	0,290	0,149	0,070	
15	0,523	0,304	0,155	0,075	
16	0,531	0,317	0,168	0,080	
17	0,541	0,317	0,178	0,086	
18	0,549	0,323	0,187	0,088	
19	0,549	0,330	0,194	0,099	
20	0,552	0,330	0,194	0,101	
