1	0,170	0,000	0,000	0,000	
2	0,253	0,032	0,000	0,000	
3	0,296	0,058	0,006	0,000	
4	0,318	0,066	0,010	0,000	
5	0,330	0,075	0,011	0,000	
6	0,362	0,134	0,035	0,003	
7	0,395	0,173	0,056	0,021	
8	0,416	0,202	0,077	0,026	
9	0,426	0,224	0,090	0,030	
10	0,435	0,246	0,109	0,040	
11	0,438	0,258	0,120	0,051	
12	0,445	0,267	0,134	0,064	
13	0,446	0,272	0,147	0,070	
14	0,454	0,277	0,155	0,078	
15	0,522	0,278	0,162	0,085	
16	0,530	0,286	0,168	0,086	
17	0,533	0,291	0,168	0,090	
18	0,538	0,299	0,171	0,093	
19	0,539	0,302	0,176	0,094	
20	0,544	0,307	0,181	0,098	
