1	0,210	0,000	0,000	0,000	
2	0,282	0,035	0,000	0,000	
3	0,318	0,061	0,008	0,000	
4	0,350	0,078	0,010	0,003	
5	0,363	0,102	0,013	0,003	
6	0,402	0,160	0,043	0,005	
7	0,432	0,194	0,062	0,018	
8	0,445	0,218	0,077	0,024	
9	0,453	0,237	0,099	0,032	
10	0,464	0,251	0,110	0,035	
11	0,525	0,266	0,125	0,042	
12	0,544	0,282	0,134	0,054	
13	0,547	0,288	0,152	0,058	
14	0,552	0,299	0,163	0,066	
15	0,555	0,306	0,166	0,072	
16	0,560	0,310	0,171	0,077	
17	0,562	0,317	0,178	0,083	
18	0,565	0,317	0,181	0,090	
19	0,565	0,322	0,189	0,094	
20	0,581	0,326	0,197	0,096	
