1	0,192	0,000	0,000	0,000	
2	0,261	0,045	0,000	0,000	
3	0,299	0,059	0,002	0,000	
4	0,323	0,074	0,005	0,000	
5	0,342	0,085	0,010	0,000	
6	0,376	0,149	0,043	0,008	
7	0,403	0,181	0,074	0,024	
8	0,421	0,219	0,088	0,035	
9	0,450	0,243	0,096	0,045	
10	0,466	0,254	0,112	0,046	
11	0,480	0,267	0,130	0,053	
12	0,530	0,290	0,142	0,056	
13	0,536	0,301	0,149	0,067	
14	0,536	0,306	0,154	0,074	
15	0,544	0,312	0,157	0,085	
16	0,546	0,318	0,166	0,094	
17	0,554	0,328	0,174	0,096	
18	0,560	0,334	0,179	0,101	
19	0,560	0,336	0,187	0,104	
20	0,562	0,339	0,192	0,112	
