1	0,210	0,000	0,000	0,000	
2	0,270	0,042	0,000	0,000	
3	0,307	0,067	0,011	0,000	
4	0,330	0,086	0,018	0,003	
5	0,357	0,093	0,022	0,005	
6	0,392	0,163	0,042	0,018	
7	0,442	0,206	0,069	0,029	
8	0,453	0,234	0,086	0,037	
9	0,462	0,250	0,110	0,043	
10	0,477	0,261	0,120	0,053	
11	0,485	0,278	0,133	0,064	
12	0,496	0,299	0,141	0,070	
13	0,499	0,304	0,155	0,080	
14	0,507	0,312	0,166	0,086	
15	0,549	0,328	0,171	0,094	
16	0,566	0,330	0,178	0,106	
17	0,571	0,347	0,186	0,109	
18	0,573	0,349	0,190	0,112	
19	0,574	0,355	0,197	0,120	
20	0,576	0,365	0,202	0,123	
