1	0.09090909090909091	1.0
2	0.09090909090909091	0.5
3	0.09090909090909091	0.3333333333333333
4	0.09090909090909091	0.25
5	0.18181818181818182	0.4
6	0.18181818181818182	0.3333333333333333
7	0.18181818181818182	0.2857142857142857
8	0.18181818181818182	0.25
9	0.18181818181818182	0.2222222222222222
10	0.18181818181818182	0.2
11	0.18181818181818182	0.18181818181818182
12	0.2727272727272727	0.25
13	0.2727272727272727	0.23076923076923078
14	0.36363636363636365	0.2857142857142857
15	0.45454545454545453	0.3333333333333333
16	0.45454545454545453	0.3125
17	0.5454545454545454	0.35294117647058826
18	0.5454545454545454	0.3333333333333333
19	0.6363636363636364	0.3684210526315789
20	0.6363636363636364	0.35
