1	0.06666666666666667	1.0
2	0.13333333333333333	1.0
3	0.13333333333333333	0.6666666666666666
4	0.13333333333333333	0.5
5	0.13333333333333333	0.4
6	0.13333333333333333	0.3333333333333333
7	0.13333333333333333	0.2857142857142857
8	0.13333333333333333	0.25
9	0.13333333333333333	0.2222222222222222
10	0.13333333333333333	0.2
11	0.2	0.2727272727272727
12	0.26666666666666666	0.3333333333333333
13	0.3333333333333333	0.38461538461538464
14	0.4	0.42857142857142855
15	0.4666666666666667	0.4666666666666667
16	0.4666666666666667	0.4375
17	0.4666666666666667	0.4117647058823529
18	0.4666666666666667	0.3888888888888889
19	0.4666666666666667	0.3684210526315789
20	0.4666666666666667	0.35
