1	0.06666666666666667	1.0
2	0.13333333333333333	1.0
3	0.2	1.0
4	0.26666666666666666	1.0
5	0.26666666666666666	0.8
6	0.26666666666666666	0.6666666666666666
7	0.3333333333333333	0.7142857142857143
8	0.3333333333333333	0.625
9	0.4	0.6666666666666666
10	0.4	0.6
11	0.4	0.5454545454545454
12	0.4666666666666667	0.5833333333333334
13	0.4666666666666667	0.5384615384615384
14	0.4666666666666667	0.5
15	0.5333333333333333	0.5333333333333333
16	0.6	0.5625
17	0.6	0.5294117647058824
18	0.6	0.5
19	0.6	0.47368421052631576
20	0.6666666666666666	0.5
