1	0.06666666666666667	1.0
2	0.13333333333333333	1.0
3	0.2	1.0
4	0.2	0.75
5	0.2	0.6
6	0.26666666666666666	0.6666666666666666
7	0.26666666666666666	0.5714285714285714
8	0.26666666666666666	0.5
9	0.26666666666666666	0.4444444444444444
10	0.3333333333333333	0.5
11	0.4	0.5454545454545454
12	0.4666666666666667	0.5833333333333334
13	0.4666666666666667	0.5384615384615384
14	0.4666666666666667	0.5
15	0.4666666666666667	0.4666666666666667
16	0.4666666666666667	0.4375
17	0.4666666666666667	0.4117647058823529
18	0.5333333333333333	0.4444444444444444
19	0.6	0.47368421052631576
20	0.6	0.45
