1	0.08333333333333333	1.0
2	0.08333333333333333	0.5
3	0.08333333333333333	0.3333333333333333
4	0.08333333333333333	0.25
5	0.08333333333333333	0.2
6	0.16666666666666666	0.3333333333333333
7	0.25	0.42857142857142855
8	0.3333333333333333	0.5
9	0.4166666666666667	0.5555555555555556
10	0.5	0.6
11	0.5833333333333334	0.6363636363636364
12	0.6666666666666666	0.6666666666666666
13	0.6666666666666666	0.6153846153846154
14	0.75	0.6428571428571429
15	0.8333333333333334	0.6666666666666666
16	0.8333333333333334	0.625
17	0.8333333333333334	0.5882352941176471
18	0.8333333333333334	0.5555555555555556
19	0.8333333333333334	0.5263157894736842
20	0.8333333333333334	0.5
