1	0.16666666666666666	1.0
2	0.16666666666666666	0.5
3	0.16666666666666666	0.3333333333333333
4	0.16666666666666666	0.25
5	0.3333333333333333	0.4
6	0.5	0.5
7	0.5	0.42857142857142855
8	0.6666666666666666	0.5
9	0.6666666666666666	0.4444444444444444
10	0.8333333333333334	0.5
11	0.8333333333333334	0.45454545454545453
12	0.8333333333333334	0.4166666666666667
13	0.8333333333333334	0.38461538461538464
14	1.0	0.42857142857142855
15	1.0	0.4
16	1.0	0.375
17	1.0	0.35294117647058826
18	1.0	0.3333333333333333
19	1.0	0.3157894736842105
20	1.0	0.3
