1	0.09090909090909091	1.0
2	0.09090909090909091	0.5
3	0.09090909090909091	0.3333333333333333
4	0.09090909090909091	0.25
5	0.09090909090909091	0.2
6	0.09090909090909091	0.16666666666666666
7	0.09090909090909091	0.14285714285714285
8	0.09090909090909091	0.125
9	0.09090909090909091	0.1111111111111111
10	0.09090909090909091	0.1
11	0.18181818181818182	0.18181818181818182
12	0.2727272727272727	0.25
13	0.36363636363636365	0.3076923076923077
14	0.36363636363636365	0.2857142857142857
15	0.36363636363636365	0.26666666666666666
16	0.45454545454545453	0.3125
17	0.45454545454545453	0.29411764705882354
18	0.5454545454545454	0.3333333333333333
19	0.5454545454545454	0.3157894736842105
20	0.5454545454545454	0.3
