1	0.1111111111111111	1.0
2	0.2222222222222222	1.0
3	0.2222222222222222	0.6666666666666666
4	0.2222222222222222	0.5
5	0.2222222222222222	0.4
6	0.2222222222222222	0.3333333333333333
7	0.2222222222222222	0.2857142857142857
8	0.2222222222222222	0.25
9	0.2222222222222222	0.2222222222222222
10	0.3333333333333333	0.3
11	0.3333333333333333	0.2727272727272727
12	0.4444444444444444	0.3333333333333333
13	0.5555555555555556	0.38461538461538464
14	0.5555555555555556	0.35714285714285715
15	0.5555555555555556	0.3333333333333333
16	0.6666666666666666	0.375
17	0.7777777777777778	0.4117647058823529
18	0.7777777777777778	0.3888888888888889
19	0.7777777777777778	0.3684210526315789
20	0.7777777777777778	0.35
