1	0.06666666666666667	1.0
2	0.13333333333333333	1.0
3	0.2	1.0
4	0.2	0.75
5	0.2	0.6
6	0.26666666666666666	0.6666666666666666
7	0.3333333333333333	0.7142857142857143
8	0.4	0.75
9	0.4666666666666667	0.7777777777777778
10	0.5333333333333333	0.8
11	0.5333333333333333	0.7272727272727273
12	0.5333333333333333	0.6666666666666666
13	0.5333333333333333	0.6153846153846154
14	0.5333333333333333	0.5714285714285714
15	0.5333333333333333	0.5333333333333333
16	0.5333333333333333	0.5
17	0.5333333333333333	0.47058823529411764
18	0.5333333333333333	0.4444444444444444
19	0.5333333333333333	0.42105263157894735
20	0.5333333333333333	0.4
