1	0.05263157894736842	1.0
2	0.05263157894736842	0.5
3	0.05263157894736842	0.3333333333333333
4	0.05263157894736842	0.25
5	0.05263157894736842	0.2
6	0.05263157894736842	0.16666666666666666
7	0.05263157894736842	0.14285714285714285
8	0.10526315789473684	0.25
9	0.15789473684210525	0.3333333333333333
10	0.15789473684210525	0.3
11	0.15789473684210525	0.2727272727272727
12	0.21052631578947367	0.3333333333333333
13	0.2631578947368421	0.38461538461538464
14	0.2631578947368421	0.35714285714285715
15	0.2631578947368421	0.3333333333333333
16	0.2631578947368421	0.3125
17	0.2631578947368421	0.29411764705882354
18	0.2631578947368421	0.2777777777777778
19	0.2631578947368421	0.2631578947368421
20	0.3157894736842105	0.3
