1	0.07142857142857142	1.0
2	0.07142857142857142	0.5
3	0.07142857142857142	0.3333333333333333
4	0.14285714285714285	0.5
5	0.14285714285714285	0.4
6	0.14285714285714285	0.3333333333333333
7	0.21428571428571427	0.42857142857142855
8	0.21428571428571427	0.375
9	0.2857142857142857	0.4444444444444444
10	0.35714285714285715	0.5
11	0.42857142857142855	0.5454545454545454
12	0.42857142857142855	0.5
13	0.42857142857142855	0.46153846153846156
14	0.42857142857142855	0.42857142857142855
15	0.42857142857142855	0.4
16	0.42857142857142855	0.375
17	0.5	0.4117647058823529
18	0.5	0.3888888888888889
19	0.5	0.3684210526315789
20	0.5	0.35
