1	0.06666666666666667	1.0
2	0.13333333333333333	1.0
3	0.13333333333333333	0.6666666666666666
4	0.13333333333333333	0.5
5	0.2	0.6
6	0.26666666666666666	0.6666666666666666
7	0.26666666666666666	0.5714285714285714
8	0.26666666666666666	0.5
9	0.26666666666666666	0.4444444444444444
10	0.26666666666666666	0.4
11	0.26666666666666666	0.36363636363636365
12	0.3333333333333333	0.4166666666666667
13	0.3333333333333333	0.38461538461538464
14	0.3333333333333333	0.35714285714285715
15	0.3333333333333333	0.3333333333333333
16	0.3333333333333333	0.3125
17	0.3333333333333333	0.29411764705882354
18	0.3333333333333333	0.2777777777777778
19	0.3333333333333333	0.2631578947368421
20	0.4	0.3
