1	0.0	0.0
2	0.06666666666666667	0.5
3	0.13333333333333333	0.6666666666666666
4	0.13333333333333333	0.5
5	0.2	0.6
6	0.2	0.5
7	0.2	0.42857142857142855
8	0.2	0.375
9	0.2	0.3333333333333333
10	0.2	0.3
11	0.26666666666666666	0.36363636363636365
12	0.3333333333333333	0.4166666666666667
13	0.4	0.46153846153846156
14	0.4666666666666667	0.5
15	0.4666666666666667	0.4666666666666667
16	0.5333333333333333	0.5
17	0.5333333333333333	0.47058823529411764
18	0.6	0.5
19	0.6	0.47368421052631576
20	0.6666666666666666	0.5
