1	0.0	0.0
2	0.07142857142857142	0.5
3	0.14285714285714285	0.6666666666666666
4	0.14285714285714285	0.5
5	0.21428571428571427	0.6
6	0.21428571428571427	0.5
7	0.21428571428571427	0.42857142857142855
8	0.21428571428571427	0.375
9	0.21428571428571427	0.3333333333333333
10	0.21428571428571427	0.3
11	0.2857142857142857	0.36363636363636365
12	0.35714285714285715	0.4166666666666667
13	0.42857142857142855	0.46153846153846156
14	0.5	0.5
15	0.5714285714285714	0.5333333333333333
16	0.5714285714285714	0.5
17	0.6428571428571429	0.5294117647058824
18	0.6428571428571429	0.5
19	0.6428571428571429	0.47368421052631576
20	0.6428571428571429	0.45
