1	0.047619047619047616	1.0
2	0.047619047619047616	0.5
3	0.09523809523809523	0.6666666666666666
4	0.09523809523809523	0.5
5	0.09523809523809523	0.4
6	0.09523809523809523	0.3333333333333333
7	0.09523809523809523	0.2857142857142857
8	0.09523809523809523	0.25
9	0.09523809523809523	0.2222222222222222
10	0.09523809523809523	0.2
11	0.14285714285714285	0.2727272727272727
12	0.19047619047619047	0.3333333333333333
13	0.23809523809523808	0.38461538461538464
14	0.23809523809523808	0.35714285714285715
15	0.2857142857142857	0.4
16	0.3333333333333333	0.4375
17	0.3333333333333333	0.4117647058823529
18	0.38095238095238093	0.4444444444444444
19	0.38095238095238093	0.42105263157894735
20	0.38095238095238093	0.4
