1	0.09090909090909091	1.0
2	0.18181818181818182	1.0
3	0.18181818181818182	0.6666666666666666
4	0.18181818181818182	0.5
5	0.18181818181818182	0.4
6	0.18181818181818182	0.3333333333333333
7	0.18181818181818182	0.2857142857142857
8	0.18181818181818182	0.25
9	0.18181818181818182	0.2222222222222222
10	0.18181818181818182	0.2
11	0.18181818181818182	0.18181818181818182
12	0.2727272727272727	0.25
13	0.36363636363636365	0.3076923076923077
14	0.36363636363636365	0.2857142857142857
15	0.45454545454545453	0.3333333333333333
16	0.45454545454545453	0.3125
17	0.45454545454545453	0.29411764705882354
18	0.45454545454545453	0.2777777777777778
19	0.5454545454545454	0.3157894736842105
20	0.5454545454545454	0.3
