1	0.0	0.0
2	0.0	0.0
3	0.0	0.0
4	0.0	0.0
5	0.0	0.0
6	0.0	0.0
7	0.0	0.0
8	0.0	0.0
9	0.0	0.0
10	0.0	0.0
11	0.047619047619047616	0.09090909090909091
12	0.047619047619047616	0.08333333333333333
13	0.09523809523809523	0.15384615384615385
14	0.09523809523809523	0.14285714285714285
15	0.09523809523809523	0.13333333333333333
16	0.09523809523809523	0.125
17	0.14285714285714285	0.17647058823529413
18	0.14285714285714285	0.16666666666666666
19	0.14285714285714285	0.15789473684210525
20	0.19047619047619047	0.2
