1	0.09090909090909091	1.0
2	0.09090909090909091	0.5
3	0.09090909090909091	0.3333333333333333
4	0.09090909090909091	0.25
5	0.09090909090909091	0.2
6	0.09090909090909091	0.16666666666666666
7	0.18181818181818182	0.2857142857142857
8	0.2727272727272727	0.375
9	0.2727272727272727	0.3333333333333333
10	0.2727272727272727	0.3
11	0.2727272727272727	0.2727272727272727
12	0.2727272727272727	0.25
13	0.2727272727272727	0.23076923076923078
14	0.2727272727272727	0.21428571428571427
15	0.2727272727272727	0.2
16	0.2727272727272727	0.1875
17	0.36363636363636365	0.23529411764705882
18	0.45454545454545453	0.2777777777777778
19	0.45454545454545453	0.2631578947368421
20	0.45454545454545453	0.25
