1	0.05263157894736842	1.0
2	0.10526315789473684	1.0
3	0.15789473684210525	1.0
4	0.15789473684210525	0.75
5	0.15789473684210525	0.6
6	0.21052631578947367	0.6666666666666666
7	0.21052631578947367	0.5714285714285714
8	0.2631578947368421	0.625
9	0.3157894736842105	0.6666666666666666
10	0.3157894736842105	0.6
11	0.3684210526315789	0.6363636363636364
12	0.3684210526315789	0.5833333333333334
13	0.3684210526315789	0.5384615384615384
14	0.3684210526315789	0.5
15	0.42105263157894735	0.5333333333333333
16	0.42105263157894735	0.5
17	0.47368421052631576	0.5294117647058824
18	0.47368421052631576	0.5
19	0.47368421052631576	0.47368421052631576
20	0.47368421052631576	0.45
