1	0.0	0.0
2	0.0	0.0
3	0.0	0.0
4	0.0	0.0
5	0.0	0.0
6	0.07692307692307693	0.16666666666666666
7	0.07692307692307693	0.14285714285714285
8	0.15384615384615385	0.25
9	0.23076923076923078	0.3333333333333333
10	0.3076923076923077	0.4
11	0.3076923076923077	0.36363636363636365
12	0.3076923076923077	0.3333333333333333
13	0.3076923076923077	0.3076923076923077
14	0.38461538461538464	0.35714285714285715
15	0.38461538461538464	0.3333333333333333
16	0.38461538461538464	0.3125
17	0.38461538461538464	0.29411764705882354
18	0.38461538461538464	0.2777777777777778
19	0.46153846153846156	0.3157894736842105
20	0.46153846153846156	0.3
