1	0.0	0.0
2	0.0	0.0
3	0.0	0.0
4	0.0	0.0
5	0.0	0.0
6	0.06666666666666667	0.16666666666666666
7	0.06666666666666667	0.14285714285714285
8	0.06666666666666667	0.125
9	0.13333333333333333	0.2222222222222222
10	0.2	0.3
11	0.2	0.2727272727272727
12	0.26666666666666666	0.3333333333333333
13	0.26666666666666666	0.3076923076923077
14	0.3333333333333333	0.35714285714285715
15	0.3333333333333333	0.3333333333333333
16	0.3333333333333333	0.3125
17	0.3333333333333333	0.29411764705882354
18	0.4	0.3333333333333333
19	0.4	0.3157894736842105
20	0.4	0.3
