1	0.0	0.0
2	0.0	0.0
3	0.0	0.0
4	0.0	0.0
5	0.1111111111111111	0.2
6	0.2222222222222222	0.3333333333333333
7	0.3333333333333333	0.42857142857142855
8	0.3333333333333333	0.375
9	0.3333333333333333	0.3333333333333333
10	0.4444444444444444	0.4
11	0.5555555555555556	0.45454545454545453
12	0.5555555555555556	0.4166666666666667
13	0.5555555555555556	0.38461538461538464
14	0.5555555555555556	0.35714285714285715
15	0.6666666666666666	0.4
16	0.6666666666666666	0.375
17	0.6666666666666666	0.35294117647058826
18	0.7777777777777778	0.3888888888888889
19	0.8888888888888888	0.42105263157894735
20	0.8888888888888888	0.4
