1	0.05555555555555555	1.0
2	0.05555555555555555	0.5
3	0.05555555555555555	0.3333333333333333
4	0.05555555555555555	0.25
5	0.05555555555555555	0.2
6	0.1111111111111111	0.3333333333333333
7	0.16666666666666666	0.42857142857142855
8	0.16666666666666666	0.375
9	0.2222222222222222	0.4444444444444444
10	0.2777777777777778	0.5
11	0.3333333333333333	0.5454545454545454
12	0.3333333333333333	0.5
13	0.3888888888888889	0.5384615384615384
14	0.3888888888888889	0.5
15	0.3888888888888889	0.4666666666666667
16	0.4444444444444444	0.5
17	0.4444444444444444	0.47058823529411764
18	0.4444444444444444	0.4444444444444444
19	0.4444444444444444	0.42105263157894735
20	0.4444444444444444	0.4
