1	0.0	0.0
2	0.047619047619047616	0.5
3	0.047619047619047616	0.3333333333333333
4	0.047619047619047616	0.25
5	0.047619047619047616	0.2
6	0.047619047619047616	0.16666666666666666
7	0.047619047619047616	0.14285714285714285
8	0.047619047619047616	0.125
9	0.047619047619047616	0.1111111111111111
10	0.047619047619047616	0.1
11	0.09523809523809523	0.18181818181818182
12	0.09523809523809523	0.16666666666666666
13	0.09523809523809523	0.15384615384615385
14	0.09523809523809523	0.14285714285714285
15	0.09523809523809523	0.13333333333333333
16	0.14285714285714285	0.1875
17	0.19047619047619047	0.23529411764705882
18	0.23809523809523808	0.2777777777777778
19	0.23809523809523808	0.2631578947368421
20	0.23809523809523808	0.25
