1	0.0	0.0
2	0.06666666666666667	0.5
3	0.13333333333333333	0.6666666666666666
4	0.13333333333333333	0.5
5	0.2	0.6
6	0.26666666666666666	0.6666666666666666
7	0.3333333333333333	0.7142857142857143
8	0.4	0.75
9	0.4666666666666667	0.7777777777777778
10	0.4666666666666667	0.7
11	0.5333333333333333	0.7272727272727273
12	0.5333333333333333	0.6666666666666666
13	0.6	0.6923076923076923
14	0.6	0.6428571428571429
15	0.6666666666666666	0.6666666666666666
16	0.6666666666666666	0.625
17	0.7333333333333333	0.6470588235294118
18	0.7333333333333333	0.6111111111111112
19	0.7333333333333333	0.5789473684210527
20	0.7333333333333333	0.55
