1	0.0	0.0
2	0.08333333333333333	0.5
3	0.16666666666666666	0.6666666666666666
4	0.16666666666666666	0.5
5	0.16666666666666666	0.4
6	0.16666666666666666	0.3333333333333333
7	0.16666666666666666	0.2857142857142857
8	0.25	0.375
9	0.25	0.3333333333333333
10	0.25	0.3
11	0.25	0.2727272727272727
12	0.3333333333333333	0.3333333333333333
13	0.3333333333333333	0.3076923076923077
14	0.3333333333333333	0.2857142857142857
15	0.3333333333333333	0.26666666666666666
16	0.3333333333333333	0.25
17	0.3333333333333333	0.23529411764705882
18	0.4166666666666667	0.2777777777777778
19	0.4166666666666667	0.2631578947368421
20	0.4166666666666667	0.25
