1	0.07142857142857142	1.0
2	0.07142857142857142	0.5
3	0.07142857142857142	0.3333333333333333
4	0.07142857142857142	0.25
5	0.14285714285714285	0.4
6	0.21428571428571427	0.5
7	0.21428571428571427	0.42857142857142855
8	0.21428571428571427	0.375
9	0.21428571428571427	0.3333333333333333
10	0.2857142857142857	0.4
11	0.2857142857142857	0.36363636363636365
12	0.35714285714285715	0.4166666666666667
13	0.35714285714285715	0.38461538461538464
14	0.42857142857142855	0.42857142857142855
15	0.42857142857142855	0.4
16	0.42857142857142855	0.375
17	0.42857142857142855	0.35294117647058826
18	0.5	0.3888888888888889
19	0.5	0.3684210526315789
20	0.5	0.35
