1	0.0	0.0
2	0.07142857142857142	0.5
3	0.14285714285714285	0.6666666666666666
4	0.14285714285714285	0.5
5	0.21428571428571427	0.6
6	0.2857142857142857	0.6666666666666666
7	0.35714285714285715	0.7142857142857143
8	0.42857142857142855	0.75
9	0.5	0.7777777777777778
10	0.5714285714285714	0.8
11	0.5714285714285714	0.7272727272727273
12	0.6428571428571429	0.75
13	0.6428571428571429	0.6923076923076923
14	0.6428571428571429	0.6428571428571429
15	0.6428571428571429	0.6
16	0.6428571428571429	0.5625
17	0.6428571428571429	0.5294117647058824
18	0.6428571428571429	0.5
19	0.6428571428571429	0.47368421052631576
20	0.6428571428571429	0.45
