1	0.0	0.0
2	0.0	0.0
3	0.0	0.0
4	0.0	0.0
5	0.058823529411764705	0.2
6	0.11764705882352941	0.3333333333333333
7	0.11764705882352941	0.2857142857142857
8	0.11764705882352941	0.25
9	0.17647058823529413	0.3333333333333333
10	0.23529411764705882	0.4
11	0.23529411764705882	0.36363636363636365
12	0.23529411764705882	0.3333333333333333
13	0.23529411764705882	0.3076923076923077
14	0.23529411764705882	0.2857142857142857
15	0.23529411764705882	0.26666666666666666
16	0.23529411764705882	0.25
17	0.29411764705882354	0.29411764705882354
18	0.29411764705882354	0.2777777777777778
19	0.29411764705882354	0.2631578947368421
20	0.35294117647058826	0.3
