1	0.05263157894736842	1.0
2	0.10526315789473684	1.0
3	0.15789473684210525	1.0
4	0.15789473684210525	0.75
5	0.15789473684210525	0.6
6	0.15789473684210525	0.5
7	0.21052631578947367	0.5714285714285714
8	0.21052631578947367	0.5
9	0.21052631578947367	0.4444444444444444
10	0.21052631578947367	0.4
11	0.2631578947368421	0.45454545454545453
12	0.2631578947368421	0.4166666666666667
13	0.2631578947368421	0.38461538461538464
14	0.2631578947368421	0.35714285714285715
15	0.2631578947368421	0.3333333333333333
16	0.3157894736842105	0.375
17	0.3157894736842105	0.35294117647058826
18	0.3157894736842105	0.3333333333333333
19	0.3157894736842105	0.3157894736842105
20	0.3157894736842105	0.3
