1	0.0	0.0
2	0.058823529411764705	0.5
3	0.058823529411764705	0.3333333333333333
4	0.058823529411764705	0.25
5	0.058823529411764705	0.2
6	0.058823529411764705	0.16666666666666666
7	0.058823529411764705	0.14285714285714285
8	0.058823529411764705	0.125
9	0.058823529411764705	0.1111111111111111
10	0.058823529411764705	0.1
11	0.11764705882352941	0.18181818181818182
12	0.11764705882352941	0.16666666666666666
13	0.11764705882352941	0.15384615384615385
14	0.11764705882352941	0.14285714285714285
15	0.17647058823529413	0.2
16	0.17647058823529413	0.1875
17	0.23529411764705882	0.23529411764705882
18	0.23529411764705882	0.2222222222222222
19	0.23529411764705882	0.21052631578947367
20	0.23529411764705882	0.2
