1	0.02018206648804006	0.17218543046357615
2	0.028037841042026217	0.12251655629139073
3	0.034907958114189	0.10264900662251675
4	0.03992937303016649	0.08899006622516556
5	0.04307760678684396	0.0774834437086094
6	0.08224757141569476	0.1230684326710817
7	0.10511288113650095	0.13386944181646188
8	0.12256381245134008	0.13741721854304637
9	0.13327828849082937	0.13226637233259791
10	0.1438699163713517	0.12897350993377504
11	0.1495167038911786	0.12176399759181238
12	0.15608775698464167	0.11672185430463573
13	0.15935048470416407	0.1104177279673972
14	0.1644739315102529	0.10596026490066249
15	0.16876474322993157	0.10187637969094954
16	0.17357499690194023	0.09799254966887418
17	0.178522086984633	0.09476042072458155
18	0.18378815843883628	0.0919793966151584
19	0.1891145126933885	0.08966538863715592
20	0.19247020462741785	0.08658940397350989
