1	0.015417844205095855	0.1291390728476821
2	0.02919325702000029	0.12748344370860928
3	0.037614411569904346	0.11258278145695379
4	0.04262649453412014	0.09644039735099338
5	0.045998629737904	0.0831125827814571
6	0.08341005254032198	0.1252759381898453
7	0.106770996394546	0.13670766319772973
8	0.12456022110428774	0.14052152317880795
9	0.1359542596309099	0.13631346578366488
10	0.14522040951693396	0.1309602649006623
11	0.15178234896258977	0.12372065021071682
12	0.15684590339067475	0.11768763796909497
13	0.1613367016241687	0.11220071319409111
14	0.1673750983031349	0.10844370860927156
15	0.1716158138703016	0.10386313465783707
16	0.17724960015392235	0.10047599337748345
17	0.18216545622141456	0.09738994935722667
18	0.18637443843731147	0.09418690213392232
19	0.19031736199213609	0.09123387940048822
20	0.1952307295296758	0.08882450331125825
