1	0.01849541839927088	0.15728476821192053
2	0.03216827796201829	0.1382450331125828
3	0.04246132332736288	0.12251655629139076
4	0.046302250125535495	0.10099337748344371
5	0.04852148049046123	0.08476821192053
6	0.08974453430240865	0.13051876379690938
7	0.10925655083431784	0.13718070009460767
8	0.12710749425742726	0.14134933774834438
9	0.1394440882082974	0.13796909492273787
10	0.14843472275770683	0.131953642384106
11	0.15488798762155487	0.1252257676098739
12	0.16272101157505017	0.1205849889624725
13	0.168561743663591	0.1153846153846159
14	0.17388794799641788	0.11080889309366126
15	0.17736068478869105	0.10562913907284817
16	0.18188528691480937	0.10171771523178808
17	0.1888004274628892	0.09924035839501404
18	0.19269807277195836	0.09565857247976486
19	0.1968150158643592	0.09262809341233905
20	0.19921042215049395	0.08882450331125817
