1	0.016511250260263545	0.1490066225165563
2	0.02441917948877484	0.11175496688741722
3	0.029109451550722823	0.0916114790286977
4	0.03458534668111431	0.08112582781456953
5	0.03849812961097636	0.07251655629139078
6	0.07303338124905646	0.11175496688741726
7	0.09376686525531697	0.12346263008514678
8	0.10671271841322387	0.12272350993377483
9	0.12035751316238229	0.12288447387785174
10	0.13075811075908483	0.1201986754966888
11	0.14289644168682009	0.11980734497290818
12	0.14910732814702485	0.11451434878587197
13	0.15474287637363274	0.10990830361691324
14	0.16418377410531124	0.10820719016083259
15	0.17000398321826174	0.10430463576158981
16	0.17335928598166425	0.09964817880794702
17	0.1767391443305885	0.09583171016751105
18	0.18033232564825366	0.09234731420161907
19	0.18298334528286309	0.08879400487974924
20	0.18546750571404338	0.08543046357615885
