1	0.01752049195146554	0.15066225165562913
2	0.02996520833656647	0.13410596026490065
3	0.039038892872084355	0.1164459161147904
4	0.04391112534462848	0.09809602649006623
5	0.048873450547019914	0.08708609271523193
6	0.08866421128856243	0.12996688741721862
7	0.10921040476150334	0.1383632923368025
8	0.12627570932744864	0.14072847682119205
9	0.1360114305928584	0.1357615894039739
10	0.14619622041046249	0.1311258278145696
11	0.15278369107078088	0.12447320891029527
12	0.15917554079141902	0.11879139072847687
13	0.16495669072186772	0.11372898624554287
14	0.1686461548439739	0.10820719016083252
15	0.17508635262838373	0.10485651214128074
16	0.17894964187344156	0.10026903973509933
17	0.1854599632690478	0.0981690689520845
18	0.19074858067489703	0.09547461368653443
19	0.19509610101262964	0.0923666782851169
20	0.19801838858331394	0.08923841059602636
