1	0.016128160424505218	0.13245033112582782
2	0.03211567400840921	0.13245033112582782
3	0.04295196566009822	0.11920529801324513
4	0.047260949998056065	0.09809602649006623
5	0.05032747738163642	0.0837748344370863
6	0.08739359227061151	0.1230684326710816
7	0.10881141210674171	0.13174077578051108
8	0.12523746717027293	0.13307119205298013
9	0.13910743213711735	0.13226637233259797
10	0.14786155091685174	0.1268211920529803
11	0.15441072032437772	0.12086092715231814
12	0.16112665087921443	0.11575607064017657
13	0.1651436188870426	0.10965359144167128
14	0.17117354056483808	0.10560548722800384
15	0.17652728179191077	0.10176600441501144
16	0.18058748741983824	0.09788907284768211
17	0.18481839089919827	0.09456564082586709
18	0.18698771316807614	0.09059970566593116
19	0.18964985656087482	0.08713837574067641
20	0.1920789488078479	0.08369205298013237
