1	0.01609018034416051	0.1357615894039735
2	0.02629958452826636	0.11341059602649006
3	0.033554495174269436	0.09823399558498913
4	0.03863417680610338	0.08402317880794702
5	0.04451199401767595	0.07748344370860938
6	0.08427254011929401	0.1230684326710817
7	0.10361120170033364	0.13150425733207216
8	0.12078830398503895	0.1357615894039735
9	0.13193408093912684	0.132266372332598
10	0.14184670684632206	0.1281456953642384
11	0.14787628584951037	0.12221553281155963
12	0.15329597491255756	0.1163079470198676
13	0.1592488902633467	0.11130922058074406
14	0.1650626059022346	0.10737937559129619
15	0.16908977270061962	0.1028697571743933
16	0.17325534658157135	0.09933774834437085
17	0.1786973457611404	0.09661082976236886
18	0.18583860865571458	0.0951986754966891
19	0.1896426320789433	0.0916695712791916
20	0.1928034980709352	0.08841059602648996
