1	0.019523346015334394	0.16556291390728478
2	0.03304469523714801	0.13990066225165562
3	0.042426231241187766	0.119205298013245
4	0.048645378217772255	0.10306291390728477
5	0.05194928073012514	0.08807947019867567
6	0.09119497968406447	0.1316225165562914
7	0.11168801516370838	0.14096499526963144
8	0.1269150504542266	0.14072847682119205
9	0.13831061201631212	0.13631346578366516
10	0.14940757430726234	0.13211920529801327
11	0.15494086389781722	0.12462372065021109
12	0.16094327513102985	0.11879139072847698
13	0.16602331944826731	0.11334691798268008
14	0.1711007734836489	0.10844370860927141
15	0.1758864617057415	0.10419426048565163
16	0.1794929060394452	0.09985513245033113
17	0.18437321619925168	0.09651343981301162
18	0.18861156778955768	0.0934510669610009
19	0.19360792563363552	0.09105960264900675
20	0.1971401670841412	0.08816225165562909
