1	0.021416302824561476	0.16390728476821192
2	0.03274657686057177	0.13493377483443708
3	0.041609045425001476	0.11589403973509946
4	0.046653337933990124	0.09850993377483444
5	0.04920365277735132	0.0831125827814571
6	0.09288300590519555	0.13217439293598235
7	0.11442059699868852	0.14096499526963124
8	0.13178941013930429	0.14383278145695363
9	0.1436164179148902	0.14017660044150176
10	0.15266510145227663	0.134271523178808
11	0.1602076421273265	0.1280854906682725
12	0.16646745476739822	0.12210264900662242
13	0.17213743689214264	0.11691288843606772
14	0.17607703938915656	0.11140018921475876
15	0.17990496096127062	0.10651214128035356
16	0.1840588513454395	0.10223509933774834
17	0.1877869991629785	0.09816906895208453
18	0.19188677759755793	0.09483075791022838
19	0.19700871352976543	0.09236667828511701
20	0.20018241458523506	0.08932119205298004
