1	0.0205498715834224	0.1771523178807947
2	0.0354928034405537	0.15397350993377484
3	0.04558178137720095	0.13079470198675489
4	0.05168633493622471	0.11092715231788079
5	0.05476367501175026	0.09503311258278167
6	0.09790609554214684	0.14238410596026496
7	0.11936315702718238	0.14924314096499552
8	0.1380430558757964	0.15169701986754966
9	0.15010943165807286	0.1469830757910234
10	0.1591140848275944	0.1403973509933775
11	0.1696246303948696	0.13651414810355242
12	0.1753540463064048	0.12969094922737298
13	0.18111341430281985	0.12391747325522218
14	0.18680343871484473	0.11861400189214757
15	0.19059593170653605	0.11269315673289242
16	0.19793512853857465	0.10947847682119205
17	0.20330993974217437	0.1062524347487344
18	0.20677856686560284	0.10218910963944111
19	0.21217398843749496	0.0993377483443711
20	0.21516041585784337	0.09552980132450312
