1	0.021416302824561476	0.16390728476821192
2	0.03274657686057177	0.1260643330179754
3	0.041609045425001476	0.10658112582781479
4	0.046653337933990124	0.0918414275202355
5	0.04920365277735132	0.07831125827814583
6	0.04981465876915202	0.06607465382299826
7	0.04981465876915202	0.056922106590980716
8	0.04981465876915202	0.05001910341314313
9	0.05039412896782751	0.04497792494481227
10	0.050825828647189826	0.040949227373068484
11	0.09389417578323338	0.07121086694762205
12	0.11543176687672631	0.08151538761199859
13	0.1330370984657811	0.08802428256070664
14	0.1442846360426915	0.08937285266145514
15	0.15359540734946994	0.08887969094922757
16	0.15287833323759994	0.08412665562913907
17	0.15913814587767167	0.08248928710557092
18	0.16457160955397715	0.08084988962472428
19	0.168511212050991	0.07868595329383077
20	0.1716453461743507	0.07632450331125828
