1	0.01609018034416051	0.1357615894039735
2	0.02629958452826636	0.11341059602649006
3	0.033554495174269436	0.0958195364238412
4	0.03863417680610338	0.08195364238410596
5	0.04451199401767595	0.07367549668874179
6	0.04474851246611493	0.06183523981537229
7	0.04474851246611493	0.05321665089877
8	0.0451979572450299	0.04710583290881303
9	0.0451979572450299	0.04200830442552289
10	0.04556456084011032	0.03824503311258282
11	0.08508858849328942	0.06662025888019278
12	0.10442725007432906	0.07632125697961313
13	0.1218329271323111	0.0831422992019021
14	0.13494499111063307	0.08558233331673576
15	0.14449101342274787	0.08567880794701999
16	0.14271734452019816	0.08091887417218543
17	0.14813703358324534	0.0791780288274251
18	0.15341192938184278	0.07735467255334832
19	0.1572593579964966	0.07537469501568506
20	0.1612865247948816	0.0735927152317881
