1	0.01849541839927088	0.15728476821192053
2	0.03216827796201829	0.12996688741721857
3	0.04246132332736288	0.11044426048565137
4	0.046302250125535495	0.09294518027961743
5	0.04852148049046123	0.07897350993377501
6	0.04949646209458191	0.06685229781256269
7	0.049662025008489194	0.057789340901923614
8	0.049949460622911564	0.051085710646968915
9	0.05071853380506421	0.04609481761799636
10	0.051810132144179115	0.042328918322295864
11	0.09222376726591315	0.07080636664659858
12	0.11167369770510716	0.07976236852356854
13	0.1298482115055948	0.08687807777211788
14	0.1416226859166964	0.08830851964347972
15	0.149989073484243	0.0872792494481238
16	0.14475716478890416	0.08060844370860927
17	0.15248671192120747	0.07985975847292577
18	0.15771643801794757	0.07809050772626958
19	0.16283568870839035	0.07659463227605456
20	0.16584107414341154	0.07417218543046354
