1	0.016511250260263545	0.1490066225165563
2	0.02441917948877484	0.11175496688741722
3	0.029109451550722823	0.0916114790286977
4	0.03458534668111431	0.08066593083149375
5	0.03849812961097636	0.07201986754966892
6	0.03849812961097636	0.06005418422636968
7	0.03849812961097636	0.05150189214758743
8	0.03870508325336046	0.045211411105450836
9	0.040364083817685185	0.041272469252601626
10	0.043656722542965945	0.03918322295805743
11	0.08173173814614787	0.0656795605057196
12	0.10246522215240834	0.0764754577327621
13	0.11520412166793119	0.0796117054395203
14	0.1300228996460136	0.0831237862869095
15	0.13713085851743528	0.0820916114790289
16	0.1336646042893608	0.07719370860927152
17	0.13987549074956548	0.07596416049863668
18	0.14551103897617337	0.07477924944812377
19	0.1521189529146032	0.07406761937957484
20	0.15793916202755373	0.07284768211920527
