1	0.02018206648804006	0.17080573951434877
2	0.028037841042026217	0.12192526017029327
3	0.034907958114189	0.10195916114790304
4	0.03992937303016649	0.08738042678440029
5	0.04307760678684396	0.07632450331125841
6	0.04551396111986756	0.0660997391129841
7	0.04551396111986756	0.05686297697887098
8	0.04593443836153685	0.050162379011716746
9	0.04714306838029235	0.04542468201408589
10	0.04799698886680926	0.04177704194260493
11	0.08473059916263648	0.06759858518964493
12	0.10768788828005782	0.07871542656797825
13	0.12471834235322767	0.08496773645780294
14	0.13457371008109908	0.08493501966837651
15	0.1443114174751045	0.08518211920529815
16	0.14352638897289632	0.07978062913907284
17	0.1500054626697442	0.07859368913128177
18	0.15326819038926667	0.07615894039735115
19	0.15804211548821792	0.07450331125827821
20	0.16233292720789652	0.0730132450331126
