1	0.0205498715834224	0.1771523178807947
2	0.0354928034405537	0.14392147587511825
3	0.04558178137720095	0.11975717439293597
4	0.05168633493622471	0.10333885209713033
5	0.05476367501175026	0.08956953642384125
6	0.055768549919770885	0.07580774633754762
7	0.056044488109616354	0.06545648060548725
8	0.056044488109616354	0.05753311258278146
9	0.0569439749362555	0.051810680121938325
10	0.05761679824980729	0.04724061810154532
11	0.09975434387218327	0.07680802227573763
12	0.1209354671673733	0.08625503181405025
13	0.1397127559653446	0.09280013584649383
14	0.1510452078348892	0.09367375392122712
15	0.15978610395475265	0.0927152317880797
16	0.16026017840527154	0.08899006622516556
17	0.16598959431680665	0.08696922477600338
18	0.17165157236386452	0.08508094186902153
19	0.17717603386198208	0.08313001045660523
20	0.18055946058977967	0.08021523178807942
