1	0.015417844205095855	0.1291390728476821
2	0.02919325702000029	0.11920529801324509
3	0.037614411569904346	0.10016556291390744
4	0.04262649453412014	0.0877023546725534
5	0.045998629737904	0.07682119205298026
6	0.04744301543920439	0.0656983744732089
7	0.04744301543920439	0.05672500788394821
8	0.04744301543920439	0.049939505858380015
9	0.04800743446388832	0.04497792494481229
10	0.04932575604297149	0.04144591611479032
11	0.08529279314408908	0.0672034918723661
12	0.10865373699831304	0.07885339566290103
13	0.12644296170805483	0.08576724967453471
14	0.1377310631254286	0.08688940895284591
15	0.14586285022559986	0.08600993377483461
16	0.14197380653328387	0.07926324503311258
17	0.14703736096136885	0.07761978963770955
18	0.15152815919486273	0.07588300220750564
19	0.15710807395839338	0.07485186476124092
20	0.16116483073232982	0.07301324503311257
