1	0.019523346015334394	0.16556291390728478
2	0.03304469523714801	0.13280510879848628
3	0.042426231241187766	0.10954746136865345
4	0.048645378217772255	0.09662435614422375
5	0.05194928073012514	0.08344370860927167
6	0.05285264980402401	0.07064017660044149
7	0.053075145419551585	0.06112030905077261
8	0.053075145419551585	0.0537124299541518
9	0.053075145419551585	0.04792126563649734
10	0.054084619297402964	0.04381898454746142
11	0.09242694917744343	0.07096628537025901
12	0.11269748904155977	0.08129626022594479
13	0.127924524332078	0.08582385238014402
14	0.1393200858941635	0.08697654732858659
15	0.1496835124971078	0.08705849889624741
16	0.1464778803853447	0.08153973509933775
17	0.15248029161855733	0.07995714842228298
18	0.15756033593579488	0.07818248712288471
19	0.16263778997117642	0.07642035552457317
20	0.16714754000342355	0.07475165562913905
