1	0.016128160424505218	0.13245033112582782
2	0.03211567400840921	0.12003311258278146
3	0.04295196566009822	0.1060982339955852
4	0.047260949998056065	0.08912803532008838
5	0.05032747738163642	0.07731788079470218
6	0.05079975620656425	0.06537226570339152
7	0.05079975620656425	0.05640964995269625
8	0.05079975620656425	0.04963703515028017
9	0.05155470398137958	0.04480710606538415
10	0.052504416520496096	0.04116997792494488
11	0.08942346545114695	0.06639449127031916
12	0.11084128528727714	0.0763131411505
13	0.12795718582542207	0.08178383426727817
14	0.1413481412072966	0.0846424836926756
15	0.15006172840676438	0.08402317880794706
16	0.14477161035414185	0.07750413907284769
17	0.15148754090897862	0.07645111024542275
18	0.15481466344219313	0.07395143487858735
19	0.16056864693014314	0.07276054374346475
20	0.16501320719836596	0.07110927152317885
