1	0.01752049195146554	0.15066225165562913
2	0.02996520833656647	0.12287133396404921
3	0.039038892872084355	0.10437362030905095
4	0.04391112534462848	0.09004782928623993
5	0.048873450547019914	0.08129139072847695
6	0.050188268115796596	0.06923540036122817
7	0.0503952217581807	0.05985887732576472
8	0.0503952217581807	0.05266174223127864
9	0.05107586929313287	0.04738252917060856
10	0.05206848870462645	0.043487858719646846
11	0.09054443187739228	0.06995033112582792
12	0.1108836717079491	0.07984352681469947
13	0.12794897627389443	0.08590875643855804
14	0.137004050004352	0.0863665786984018
15	0.14691563069113106	0.08631346578366461
16	0.1434241680235238	0.08019453642384106
17	0.149816017744162	0.07878846902999623
18	0.1555971676746107	0.07735467255334814
19	0.1592866317967169	0.07520041826420358
20	0.1650074193004581	0.0740066225165563
