1	0,177	0,000	0,000	0,000	
2	0,270	0,038	0,000	0,000	
3	0,329	0,060	0,003	0,000	
4	0,358	0,081	0,005	0,000	
5	0,376	0,091	0,008	0,000	
6	0,565	0,225	0,056	0,008	
7	0,601	0,295	0,124	0,022	
8	0,626	0,354	0,172	0,046	
9	0,641	0,381	0,199	0,068	
10	0,647	0,404	0,214	0,088	
11	0,657	0,424	0,245	0,108	
12	0,664	0,432	0,255	0,126	
13	0,669	0,442	0,273	0,131	
14	0,675	0,455	0,286	0,139	
15	0,680	0,467	0,291	0,141	
16	0,682	0,475	0,308	0,162	
17	0,690	0,485	0,318	0,169	
18	0,692	0,490	0,323	0,177	
19	0,705	0,497	0,331	0,184	
20	0,707	0,498	0,336	0,194	
