1	0,149	0,000	0,000	0,000	
2	0,197	0,026	0,000	0,000	
3	0,227	0,041	0,007	0,000	
4	0,257	0,056	0,008	0,003	
5	0,275	0,068	0,015	0,005	
6	0,424	0,190	0,041	0,013	
7	0,474	0,260	0,104	0,018	
8	0,493	0,288	0,144	0,041	
9	0,525	0,323	0,171	0,061	
10	0,561	0,334	0,195	0,081	
11	0,589	0,356	0,220	0,098	
12	0,591	0,374	0,227	0,114	
13	0,596	0,377	0,243	0,127	
14	0,627	0,391	0,260	0,139	
15	0,631	0,401	0,275	0,149	
16	0,632	0,402	0,281	0,164	
17	0,634	0,404	0,286	0,174	
18	0,636	0,409	0,295	0,184	
19	0,636	0,409	0,300	0,192	
20	0,644	0,412	0,300	0,192	
