1	0,164	0,000	0,000	0,000	
2	0,245	0,025	0,000	0,000	
3	0,295	0,046	0,007	0,000	
4	0,321	0,063	0,008	0,002	
5	0,336	0,068	0,010	0,002	
6	0,528	0,209	0,048	0,007	
7	0,571	0,283	0,101	0,026	
8	0,599	0,336	0,152	0,048	
9	0,618	0,366	0,180	0,068	
10	0,636	0,379	0,199	0,084	
11	0,639	0,396	0,225	0,093	
12	0,642	0,411	0,237	0,103	
13	0,644	0,422	0,245	0,119	
14	0,644	0,439	0,248	0,123	
15	0,646	0,450	0,258	0,131	
16	0,647	0,455	0,270	0,134	
17	0,657	0,459	0,278	0,139	
18	0,666	0,470	0,286	0,141	
19	0,675	0,472	0,300	0,149	
20	0,675	0,474	0,306	0,159	
