1	0,166	0,000	0,000	0,000	
2	0,257	0,023	0,000	0,000	
3	0,310	0,045	0,003	0,000	
4	0,334	0,068	0,008	0,002	
5	0,346	0,083	0,010	0,002	
6	0,508	0,227	0,048	0,007	
7	0,558	0,290	0,118	0,018	
8	0,578	0,333	0,156	0,048	
9	0,596	0,354	0,187	0,068	
10	0,606	0,374	0,214	0,089	
11	0,611	0,382	0,225	0,101	
12	0,613	0,394	0,243	0,114	
13	0,613	0,397	0,255	0,126	
14	0,616	0,401	0,265	0,139	
15	0,619	0,411	0,273	0,151	
16	0,619	0,419	0,280	0,161	
17	0,621	0,435	0,293	0,166	
18	0,629	0,445	0,298	0,175	
19	0,644	0,454	0,305	0,180	
20	0,646	0,457	0,315	0,185	
