1	0,157	0,000	0,000	0,000	
2	0,257	0,020	0,000	0,000	
3	0,333	0,035	0,000	0,000	
4	0,348	0,055	0,002	0,000	
5	0,358	0,063	0,003	0,000	
6	0,525	0,215	0,040	0,003	
7	0,571	0,270	0,098	0,018	
8	0,594	0,326	0,147	0,053	
9	0,601	0,356	0,179	0,078	
10	0,618	0,371	0,197	0,088	
11	0,624	0,382	0,214	0,099	
12	0,636	0,394	0,224	0,116	
13	0,644	0,402	0,238	0,129	
14	0,652	0,411	0,253	0,136	
15	0,657	0,412	0,263	0,142	
16	0,657	0,419	0,272	0,156	
17	0,662	0,440	0,281	0,161	
18	0,664	0,444	0,290	0,171	
19	0,679	0,450	0,295	0,174	
20	0,680	0,454	0,300	0,175	
