1	0,129	0,000	0,000	0,000	
2	0,232	0,023	0,000	0,000	
3	0,301	0,035	0,002	0,000	
4	0,333	0,048	0,005	0,000	
5	0,349	0,058	0,007	0,002	
6	0,526	0,185	0,035	0,003	
7	0,575	0,276	0,084	0,018	
8	0,613	0,339	0,124	0,031	
9	0,632	0,366	0,151	0,050	
10	0,652	0,382	0,171	0,068	
11	0,659	0,396	0,185	0,079	
12	0,662	0,411	0,202	0,086	
13	0,662	0,417	0,222	0,096	
14	0,671	0,430	0,235	0,111	
15	0,677	0,437	0,243	0,119	
16	0,677	0,444	0,252	0,137	
17	0,687	0,449	0,258	0,151	
18	0,694	0,452	0,267	0,159	
19	0,702	0,459	0,278	0,166	
20	0,704	0,467	0,286	0,174	
