1	0,132	0,000	0,000	0,000	
2	0,238	0,026	0,000	0,000	
3	0,311	0,040	0,007	0,000	
4	0,334	0,046	0,010	0,002	
5	0,353	0,051	0,013	0,002	
6	0,498	0,195	0,038	0,007	
7	0,540	0,267	0,094	0,020	
8	0,576	0,306	0,134	0,046	
9	0,604	0,343	0,161	0,068	
10	0,621	0,363	0,184	0,076	
11	0,626	0,371	0,199	0,098	
12	0,629	0,379	0,219	0,113	
13	0,636	0,384	0,220	0,127	
14	0,647	0,394	0,232	0,132	
15	0,657	0,402	0,237	0,144	
16	0,657	0,411	0,253	0,147	
17	0,674	0,417	0,257	0,156	
18	0,679	0,421	0,263	0,157	
19	0,685	0,429	0,267	0,161	
20	0,685	0,434	0,268	0,166	
