1	0,172	0,000	0,000	0,000	
2	0,227	0,018	0,000	0,000	
3	0,262	0,043	0,003	0,000	
4	0,291	0,053	0,012	0,000	
5	0,310	0,065	0,013	0,000	
6	0,478	0,207	0,040	0,013	
7	0,528	0,280	0,099	0,023	
8	0,570	0,331	0,142	0,045	
9	0,586	0,358	0,166	0,053	
10	0,596	0,387	0,187	0,075	
11	0,599	0,402	0,200	0,081	
12	0,609	0,417	0,215	0,094	
13	0,609	0,424	0,228	0,098	
14	0,611	0,434	0,242	0,106	
15	0,613	0,435	0,257	0,121	
16	0,619	0,444	0,268	0,126	
17	0,624	0,450	0,278	0,134	
18	0,626	0,460	0,291	0,144	
19	0,641	0,470	0,303	0,147	
20	0,644	0,474	0,311	0,154	
