1	0,151	0,000	0,000	0,000	
2	0,240	0,028	0,000	0,000	
3	0,295	0,051	0,003	0,000	
4	0,320	0,065	0,008	0,000	
5	0,341	0,079	0,015	0,000	
6	0,515	0,204	0,051	0,010	
7	0,561	0,270	0,108	0,023	
8	0,589	0,326	0,151	0,050	
9	0,599	0,351	0,175	0,071	
10	0,616	0,373	0,189	0,091	
11	0,618	0,384	0,209	0,104	
12	0,624	0,397	0,224	0,118	
13	0,627	0,407	0,242	0,129	
14	0,634	0,409	0,250	0,137	
15	0,647	0,419	0,262	0,147	
16	0,649	0,424	0,273	0,152	
17	0,659	0,430	0,291	0,161	
18	0,662	0,440	0,310	0,167	
19	0,664	0,445	0,316	0,179	
20	0,664	0,447	0,325	0,185	
