1	0,136	0,000	0,000	0,000	
2	0,199	0,028	0,000	0,000	
3	0,252	0,041	0,002	0,000	
4	0,281	0,053	0,002	0,000	
5	0,316	0,068	0,003	0,000	
6	0,483	0,210	0,043	0,002	
7	0,520	0,272	0,108	0,022	
8	0,563	0,313	0,147	0,055	
9	0,586	0,344	0,172	0,073	
10	0,596	0,363	0,199	0,093	
11	0,601	0,382	0,210	0,103	
12	0,604	0,396	0,217	0,113	
13	0,616	0,409	0,230	0,116	
14	0,634	0,411	0,248	0,127	
15	0,636	0,416	0,257	0,136	
16	0,637	0,419	0,265	0,147	
17	0,649	0,427	0,270	0,157	
18	0,664	0,439	0,278	0,162	
19	0,667	0,444	0,283	0,171	
20	0,671	0,450	0,285	0,175	
