1	0.16666666666666666	1.0
2	0.3333333333333333	1.0
3	0.3333333333333333	0.6666666666666666
4	0.3333333333333333	0.5
5	0.5	0.6
6	0.6666666666666666	0.6666666666666666
7	0.8333333333333334	0.7142857142857143
8	0.8333333333333334	0.625
9	0.8333333333333334	0.5555555555555556
10	0.8333333333333334	0.5
11	0.8333333333333334	0.45454545454545453
12	1.0	0.5
13	1.0	0.46153846153846156
14	1.0	0.42857142857142855
15	1.0	0.4
16	1.0	0.375
17	1.0	0.35294117647058826
18	1.0	0.3333333333333333
19	1.0	0.3157894736842105
20	1.0	0.3
