1	0.09090909090909091	1.0
2	0.18181818181818182	1.0
3	0.2727272727272727	1.0
4	0.36363636363636365	1.0
5	0.36363636363636365	0.8
6	0.45454545454545453	0.8333333333333334
7	0.45454545454545453	0.7142857142857143
8	0.45454545454545453	0.625
9	0.45454545454545453	0.5555555555555556
10	0.45454545454545453	0.5
11	0.45454545454545453	0.45454545454545453
12	0.5454545454545454	0.5
13	0.5454545454545454	0.46153846153846156
14	0.6363636363636364	0.5
15	0.7272727272727273	0.5333333333333333
16	0.7272727272727273	0.5
17	0.7272727272727273	0.47058823529411764
18	0.8181818181818182	0.5
19	0.8181818181818182	0.47368421052631576
20	0.8181818181818182	0.45
