1	0.0	0.0
2	0.0	0.0
3	0.0	0.0
4	0.0	0.0
5	0.08333333333333333	0.2
6	0.08333333333333333	0.16666666666666666
7	0.08333333333333333	0.14285714285714285
8	0.16666666666666666	0.25
9	0.16666666666666666	0.2222222222222222
10	0.16666666666666666	0.2
11	0.16666666666666666	0.18181818181818182
12	0.16666666666666666	0.16666666666666666
13	0.16666666666666666	0.15384615384615385
14	0.16666666666666666	0.14285714285714285
15	0.16666666666666666	0.13333333333333333
16	0.16666666666666666	0.125
17	0.16666666666666666	0.11764705882352941
18	0.16666666666666666	0.1111111111111111
19	0.25	0.15789473684210525
20	0.25	0.15
