1	0.06666666666666667	1.0
2	0.13333333333333333	1.0
3	0.2	1.0
4	0.26666666666666666	1.0
5	0.3333333333333333	1.0
6	0.3333333333333333	0.8333333333333334
7	0.4	0.8571428571428571
8	0.4666666666666667	0.875
9	0.4666666666666667	0.7777777777777778
10	0.4666666666666667	0.7
11	0.5333333333333333	0.7272727272727273
12	0.5333333333333333	0.6666666666666666
13	0.5333333333333333	0.6153846153846154
14	0.5333333333333333	0.5714285714285714
15	0.5333333333333333	0.5333333333333333
16	0.6	0.5625
17	0.6	0.5294117647058824
18	0.6	0.5
19	0.6	0.47368421052631576
20	0.6	0.45
