1	0.0	0.0
2	0.0	0.0
3	0.07142857142857142	0.3333333333333333
4	0.14285714285714285	0.5
5	0.14285714285714285	0.4
6	0.21428571428571427	0.5
7	0.2857142857142857	0.5714285714285714
8	0.35714285714285715	0.625
9	0.35714285714285715	0.5555555555555556
10	0.42857142857142855	0.6
11	0.42857142857142855	0.5454545454545454
12	0.5	0.5833333333333334
13	0.5	0.5384615384615384
14	0.5714285714285714	0.5714285714285714
15	0.5714285714285714	0.5333333333333333
16	0.5714285714285714	0.5
17	0.5714285714285714	0.47058823529411764
18	0.5714285714285714	0.4444444444444444
19	0.5714285714285714	0.42105263157894735
20	0.5714285714285714	0.4
