1	0.0	0.0
2	0.0	0.0
3	0.1111111111111111	0.3333333333333333
4	0.1111111111111111	0.25
5	0.2222222222222222	0.4
6	0.2222222222222222	0.3333333333333333
7	0.2222222222222222	0.2857142857142857
8	0.2222222222222222	0.25
9	0.2222222222222222	0.2222222222222222
10	0.2222222222222222	0.2
11	0.3333333333333333	0.2727272727272727
12	0.3333333333333333	0.25
13	0.3333333333333333	0.23076923076923078
14	0.3333333333333333	0.21428571428571427
15	0.4444444444444444	0.26666666666666666
16	0.5555555555555556	0.3125
17	0.6666666666666666	0.35294117647058826
18	0.6666666666666666	0.3333333333333333
19	0.6666666666666666	0.3157894736842105
20	0.6666666666666666	0.3
