1	0.0	0.0
2	0.0	0.0
3	0.0	0.0
4	0.0	0.0
5	0.14285714285714285	0.2
6	0.14285714285714285	0.16666666666666666
7	0.14285714285714285	0.14285714285714285
8	0.14285714285714285	0.125
9	0.14285714285714285	0.1111111111111111
10	0.14285714285714285	0.1
11	0.2857142857142857	0.18181818181818182
12	0.42857142857142855	0.25
13	0.5714285714285714	0.3076923076923077
14	0.5714285714285714	0.2857142857142857
15	0.7142857142857143	0.3333333333333333
16	0.8571428571428571	0.375
17	1.0	0.4117647058823529
18	1.0	0.3888888888888889
19	1.0	0.3684210526315789
20	1.0	0.35
