1	0.07142857142857142	1.0
2	0.14285714285714285	1.0
3	0.14285714285714285	0.6666666666666666
4	0.14285714285714285	0.5
5	0.14285714285714285	0.4
6	0.21428571428571427	0.5
7	0.2857142857142857	0.5714285714285714
8	0.35714285714285715	0.625
9	0.42857142857142855	0.6666666666666666
10	0.42857142857142855	0.6
11	0.5	0.6363636363636364
12	0.5	0.5833333333333334
13	0.5714285714285714	0.6153846153846154
14	0.6428571428571429	0.6428571428571429
15	0.6428571428571429	0.6
16	0.6428571428571429	0.5625
17	0.6428571428571429	0.5294117647058824
18	0.6428571428571429	0.5
19	0.6428571428571429	0.47368421052631576
20	0.6428571428571429	0.45
