1	0.08333333333333333	1.0
2	0.08333333333333333	0.5
3	0.08333333333333333	0.3333333333333333
4	0.08333333333333333	0.25
5	0.08333333333333333	0.2
6	0.08333333333333333	0.16666666666666666
7	0.08333333333333333	0.14285714285714285
8	0.08333333333333333	0.125
9	0.08333333333333333	0.1111111111111111
10	0.08333333333333333	0.1
11	0.08333333333333333	0.09090909090909091
12	0.16666666666666666	0.16666666666666666
13	0.16666666666666666	0.15384615384615385
14	0.25	0.21428571428571427
15	0.3333333333333333	0.26666666666666666
16	0.4166666666666667	0.3125
17	0.4166666666666667	0.29411764705882354
18	0.5	0.3333333333333333
19	0.5	0.3157894736842105
20	0.5	0.3
