1	0.0	0.0
2	0.08333333333333333	0.5
3	0.08333333333333333	0.3333333333333333
4	0.16666666666666666	0.5
5	0.16666666666666666	0.4
6	0.16666666666666666	0.3333333333333333
7	0.16666666666666666	0.2857142857142857
8	0.16666666666666666	0.25
9	0.16666666666666666	0.2222222222222222
10	0.16666666666666666	0.2
11	0.25	0.2727272727272727
12	0.3333333333333333	0.3333333333333333
13	0.4166666666666667	0.38461538461538464
14	0.5	0.42857142857142855
15	0.5	0.4
16	0.5833333333333334	0.4375
17	0.6666666666666666	0.47058823529411764
18	0.6666666666666666	0.4444444444444444
19	0.6666666666666666	0.42105263157894735
20	0.6666666666666666	0.4
