1	0.0	0.0
2	0.0	0.0
3	0.14285714285714285	0.3333333333333333
4	0.14285714285714285	0.25
5	0.2857142857142857	0.4
6	0.42857142857142855	0.5
7	0.5714285714285714	0.5714285714285714
8	0.5714285714285714	0.5
9	0.5714285714285714	0.4444444444444444
10	0.5714285714285714	0.4
11	0.5714285714285714	0.36363636363636365
12	0.5714285714285714	0.3333333333333333
13	0.5714285714285714	0.3076923076923077
14	0.5714285714285714	0.2857142857142857
15	0.5714285714285714	0.26666666666666666
16	0.5714285714285714	0.25
17	0.5714285714285714	0.23529411764705882
18	0.7142857142857143	0.2777777777777778
19	0.7142857142857143	0.2631578947368421
20	0.7142857142857143	0.25
