1	0.047619047619047616	1.0
2	0.047619047619047616	0.5
3	0.047619047619047616	0.3333333333333333
4	0.047619047619047616	0.25
5	0.047619047619047616	0.2
6	0.09523809523809523	0.3333333333333333
7	0.14285714285714285	0.42857142857142855
8	0.19047619047619047	0.5
9	0.19047619047619047	0.4444444444444444
10	0.23809523809523808	0.5
11	0.23809523809523808	0.45454545454545453
12	0.2857142857142857	0.5
13	0.3333333333333333	0.5384615384615384
14	0.3333333333333333	0.5
15	0.3333333333333333	0.4666666666666667
16	0.3333333333333333	0.4375
17	0.3333333333333333	0.4117647058823529
18	0.3333333333333333	0.3888888888888889
19	0.3333333333333333	0.3684210526315789
20	0.3333333333333333	0.35
