1	0.0	0.0
2	0.0	0.0
3	0.08333333333333333	0.3333333333333333
4	0.08333333333333333	0.25
5	0.08333333333333333	0.2
6	0.08333333333333333	0.16666666666666666
7	0.08333333333333333	0.14285714285714285
8	0.08333333333333333	0.125
9	0.08333333333333333	0.1111111111111111
10	0.08333333333333333	0.1
11	0.08333333333333333	0.09090909090909091
12	0.16666666666666666	0.16666666666666666
13	0.25	0.23076923076923078
14	0.25	0.21428571428571427
15	0.3333333333333333	0.26666666666666666
16	0.3333333333333333	0.25
17	0.3333333333333333	0.23529411764705882
18	0.4166666666666667	0.2777777777777778
19	0.4166666666666667	0.2631578947368421
20	0.4166666666666667	0.25
