1	0.0	0.0
2	0.0	0.0
3	0.0	0.0
4	0.0	0.0
5	0.0	0.0
6	0.0	0.0
7	0.0	0.0
8	0.0	0.0
9	0.0	0.0
10	0.0	0.0
11	0.043478260869565216	0.09090909090909091
12	0.043478260869565216	0.08333333333333333
13	0.043478260869565216	0.07692307692307693
14	0.043478260869565216	0.07142857142857142
15	0.043478260869565216	0.06666666666666667
16	0.08695652173913043	0.125
17	0.08695652173913043	0.11764705882352941
18	0.13043478260869565	0.16666666666666666
19	0.13043478260869565	0.15789473684210525
20	0.13043478260869565	0.15
