1	0.0	0.0
2	0.0	0.0
3	0.045454545454545456	0.3333333333333333
4	0.045454545454545456	0.25
5	0.045454545454545456	0.2
6	0.045454545454545456	0.16666666666666666
7	0.045454545454545456	0.14285714285714285
8	0.045454545454545456	0.125
9	0.045454545454545456	0.1111111111111111
10	0.045454545454545456	0.1
11	0.09090909090909091	0.18181818181818182
12	0.13636363636363635	0.25
13	0.13636363636363635	0.23076923076923078
14	0.13636363636363635	0.21428571428571427
15	0.13636363636363635	0.2
16	0.13636363636363635	0.1875
17	0.13636363636363635	0.17647058823529413
18	0.13636363636363635	0.16666666666666666
19	0.13636363636363635	0.15789473684210525
20	0.13636363636363635	0.15
