1	0.14285714285714285	1.0
2	0.14285714285714285	0.5
3	0.14285714285714285	0.3333333333333333
4	0.14285714285714285	0.25
5	0.14285714285714285	0.2
6	0.14285714285714285	0.16666666666666666
7	0.14285714285714285	0.14285714285714285
8	0.14285714285714285	0.125
9	0.14285714285714285	0.1111111111111111
10	0.14285714285714285	0.1
11	0.2857142857142857	0.18181818181818182
12	0.42857142857142855	0.25
13	0.42857142857142855	0.23076923076923078
14	0.42857142857142855	0.21428571428571427
15	0.42857142857142855	0.2
16	0.42857142857142855	0.1875
17	0.5714285714285714	0.23529411764705882
18	0.7142857142857143	0.2777777777777778
19	0.7142857142857143	0.2631578947368421
20	0.7142857142857143	0.25
