1	0.14285714285714285	1.0
2	0.14285714285714285	0.5
3	0.2857142857142857	0.6666666666666666
4	0.2857142857142857	0.5
5	0.2857142857142857	0.4
6	0.2857142857142857	0.3333333333333333
7	0.2857142857142857	0.2857142857142857
8	0.2857142857142857	0.25
9	0.2857142857142857	0.2222222222222222
10	0.2857142857142857	0.2
11	0.42857142857142855	0.2727272727272727
12	0.5714285714285714	0.3333333333333333
13	0.5714285714285714	0.3076923076923077
14	0.7142857142857143	0.35714285714285715
15	0.8571428571428571	0.4
16	0.8571428571428571	0.375
17	0.8571428571428571	0.35294117647058826
18	0.8571428571428571	0.3333333333333333
19	1.0	0.3684210526315789
20	1.0	0.35
