1	0.1111111111111111	1.0
2	0.1111111111111111	0.5
3	0.2222222222222222	0.6666666666666666
4	0.3333333333333333	0.75
5	0.3333333333333333	0.6
6	0.4444444444444444	0.6666666666666666
7	0.5555555555555556	0.7142857142857143
8	0.6666666666666666	0.75
9	0.7777777777777778	0.7777777777777778
10	0.7777777777777778	0.7
11	0.7777777777777778	0.6363636363636364
12	0.7777777777777778	0.5833333333333334
13	0.7777777777777778	0.5384615384615384
14	0.7777777777777778	0.5
15	0.7777777777777778	0.4666666666666667
16	0.7777777777777778	0.4375
17	0.7777777777777778	0.4117647058823529
18	0.7777777777777778	0.3888888888888889
19	0.7777777777777778	0.3684210526315789
20	0.7777777777777778	0.35
