1	0.0	0.0
2	0.05263157894736842	0.5
3	0.10526315789473684	0.6666666666666666
4	0.15789473684210525	0.75
5	0.21052631578947367	0.8
6	0.2631578947368421	0.8333333333333334
7	0.3157894736842105	0.8571428571428571
8	0.3684210526315789	0.875
9	0.42105263157894735	0.8888888888888888
10	0.42105263157894735	0.8
11	0.42105263157894735	0.7272727272727273
12	0.42105263157894735	0.6666666666666666
13	0.42105263157894735	0.6153846153846154
14	0.42105263157894735	0.5714285714285714
15	0.47368421052631576	0.6
16	0.47368421052631576	0.5625
17	0.47368421052631576	0.5294117647058824
18	0.47368421052631576	0.5
19	0.47368421052631576	0.47368421052631576
20	0.47368421052631576	0.45
