1	0.047619047619047616	1.0
2	0.047619047619047616	0.5
3	0.047619047619047616	0.3333333333333333
4	0.047619047619047616	0.25
5	0.047619047619047616	0.2
6	0.047619047619047616	0.16666666666666666
7	0.047619047619047616	0.14285714285714285
8	0.047619047619047616	0.125
9	0.047619047619047616	0.1111111111111111
10	0.047619047619047616	0.1
11	0.09523809523809523	0.18181818181818182
12	0.14285714285714285	0.25
13	0.19047619047619047	0.3076923076923077
14	0.19047619047619047	0.2857142857142857
15	0.23809523809523808	0.3333333333333333
16	0.23809523809523808	0.3125
17	0.2857142857142857	0.35294117647058826
18	0.3333333333333333	0.3888888888888889
19	0.3333333333333333	0.3684210526315789
20	0.3333333333333333	0.35
