1	0.0	0.0
2	0.0	0.0
3	0.0	0.0
4	0.0	0.0
5	0.0	0.0
6	0.0	0.0
7	0.0	0.0
8	0.0	0.0
9	0.0	0.0
10	0.0	0.0
11	0.06666666666666667	0.09090909090909091
12	0.06666666666666667	0.08333333333333333
13	0.13333333333333333	0.15384615384615385
14	0.13333333333333333	0.14285714285714285
15	0.13333333333333333	0.13333333333333333
16	0.13333333333333333	0.125
17	0.13333333333333333	0.11764705882352941
18	0.13333333333333333	0.1111111111111111
19	0.13333333333333333	0.10526315789473684
20	0.13333333333333333	0.1
