1	0.05263157894736842	1.0
2	0.05263157894736842	0.5
3	0.05263157894736842	0.3333333333333333
4	0.05263157894736842	0.25
5	0.05263157894736842	0.2
6	0.05263157894736842	0.16666666666666666
7	0.05263157894736842	0.14285714285714285
8	0.05263157894736842	0.125
9	0.05263157894736842	0.1111111111111111
10	0.05263157894736842	0.1
11	0.05263157894736842	0.09090909090909091
12	0.10526315789473684	0.16666666666666666
13	0.15789473684210525	0.23076923076923078
14	0.21052631578947367	0.2857142857142857
15	0.21052631578947367	0.26666666666666666
16	0.21052631578947367	0.25
17	0.21052631578947367	0.23529411764705882
18	0.21052631578947367	0.2222222222222222
19	0.2631578947368421	0.2631578947368421
20	0.2631578947368421	0.25
