1	0.05555555555555555	1.0
2	0.05555555555555555	0.5
3	0.1111111111111111	0.6666666666666666
4	0.16666666666666666	0.75
5	0.16666666666666666	0.6
6	0.16666666666666666	0.5
7	0.16666666666666666	0.42857142857142855
8	0.16666666666666666	0.375
9	0.16666666666666666	0.3333333333333333
10	0.16666666666666666	0.3
11	0.2222222222222222	0.36363636363636365
12	0.2777777777777778	0.4166666666666667
13	0.3333333333333333	0.46153846153846156
14	0.3888888888888889	0.5
15	0.3888888888888889	0.4666666666666667
16	0.4444444444444444	0.5
17	0.5	0.5294117647058824
18	0.5555555555555556	0.5555555555555556
19	0.5555555555555556	0.5263157894736842
20	0.5555555555555556	0.5
