1	0.0	0.0
2	0.0	0.0
3	0.0	0.0
4	0.0	0.0
5	0.0	0.0
6	0.0	0.0
7	0.1111111111111111	0.14285714285714285
8	0.2222222222222222	0.25
9	0.3333333333333333	0.3333333333333333
10	0.3333333333333333	0.3
11	0.3333333333333333	0.2727272727272727
12	0.3333333333333333	0.25
13	0.3333333333333333	0.23076923076923078
14	0.3333333333333333	0.21428571428571427
15	0.3333333333333333	0.2
16	0.4444444444444444	0.25
17	0.4444444444444444	0.23529411764705882
18	0.4444444444444444	0.2222222222222222
19	0.4444444444444444	0.21052631578947367
20	0.4444444444444444	0.2
