1	0.06666666666666667	1.0
2	0.13333333333333333	1.0
3	0.2	1.0
4	0.2	0.75
5	0.2	0.6
6	0.2	0.5
7	0.2	0.42857142857142855
8	0.2	0.375
9	0.2	0.3333333333333333
10	0.2	0.3
11	0.2	0.2727272727272727
12	0.26666666666666666	0.3333333333333333
13	0.3333333333333333	0.38461538461538464
14	0.3333333333333333	0.35714285714285715
15	0.3333333333333333	0.3333333333333333
16	0.4	0.375
17	0.4	0.35294117647058826
18	0.4666666666666667	0.3888888888888889
19	0.4666666666666667	0.3684210526315789
20	0.4666666666666667	0.35
