1	0.0	0.0
2	0.05555555555555555	0.5
3	0.1111111111111111	0.6666666666666666
4	0.1111111111111111	0.5
5	0.1111111111111111	0.4
6	0.16666666666666666	0.5
7	0.2222222222222222	0.5714285714285714
8	0.2777777777777778	0.625
9	0.2777777777777778	0.5555555555555556
10	0.3333333333333333	0.6
11	0.3888888888888889	0.6363636363636364
12	0.3888888888888889	0.5833333333333334
13	0.4444444444444444	0.6153846153846154
14	0.4444444444444444	0.5714285714285714
15	0.4444444444444444	0.5333333333333333
16	0.4444444444444444	0.5
17	0.5	0.5294117647058824
18	0.5	0.5
19	0.5	0.47368421052631576
20	0.5	0.45
