1	0.06666666666666667	1.0
2	0.13333333333333333	1.0
3	0.13333333333333333	0.6666666666666666
4	0.2	0.75
5	0.2	0.6
6	0.26666666666666666	0.6666666666666666
7	0.3333333333333333	0.7142857142857143
8	0.3333333333333333	0.625
9	0.4	0.6666666666666666
10	0.4666666666666667	0.7
11	0.4666666666666667	0.6363636363636364
12	0.4666666666666667	0.5833333333333334
13	0.4666666666666667	0.5384615384615384
14	0.4666666666666667	0.5
15	0.4666666666666667	0.4666666666666667
16	0.4666666666666667	0.4375
17	0.4666666666666667	0.4117647058823529
18	0.5333333333333333	0.4444444444444444
19	0.5333333333333333	0.42105263157894735
20	0.6	0.45
