1	0.07692307692307693	1.0
2	0.07692307692307693	0.5
3	0.07692307692307693	0.3333333333333333
4	0.15384615384615385	0.5
5	0.15384615384615385	0.4
6	0.15384615384615385	0.3333333333333333
7	0.15384615384615385	0.2857142857142857
8	0.15384615384615385	0.25
9	0.15384615384615385	0.2222222222222222
10	0.15384615384615385	0.2
11	0.15384615384615385	0.18181818181818182
12	0.15384615384615385	0.16666666666666666
13	0.23076923076923078	0.23076923076923078
14	0.3076923076923077	0.2857142857142857
15	0.38461538461538464	0.3333333333333333
16	0.38461538461538464	0.3125
17	0.46153846153846156	0.35294117647058826
18	0.5384615384615384	0.3888888888888889
19	0.6153846153846154	0.42105263157894735
20	0.6153846153846154	0.4
