1	0.0	0.0
2	0.06666666666666667	0.5
3	0.06666666666666667	0.3333333333333333
4	0.06666666666666667	0.25
5	0.06666666666666667	0.2
6	0.06666666666666667	0.16666666666666666
7	0.06666666666666667	0.14285714285714285
8	0.06666666666666667	0.125
9	0.06666666666666667	0.1111111111111111
10	0.06666666666666667	0.1
11	0.06666666666666667	0.09090909090909091
12	0.06666666666666667	0.08333333333333333
13	0.13333333333333333	0.15384615384615385
14	0.13333333333333333	0.14285714285714285
15	0.2	0.2
16	0.2	0.1875
17	0.26666666666666666	0.23529411764705882
18	0.3333333333333333	0.2777777777777778
19	0.3333333333333333	0.2631578947368421
20	0.3333333333333333	0.25
