1	0.0	0.0
2	0.0	0.0
3	0.0	0.0
4	0.0	0.0
5	0.0	0.0
6	0.0	0.0
7	0.0	0.0
8	0.0	0.0
9	0.0	0.0
10	0.0	0.0
11	0.058823529411764705	0.09090909090909091
12	0.058823529411764705	0.08333333333333333
13	0.11764705882352941	0.15384615384615385
14	0.17647058823529413	0.21428571428571427
15	0.23529411764705882	0.26666666666666666
16	0.29411764705882354	0.3125
17	0.29411764705882354	0.29411764705882354
18	0.35294117647058826	0.3333333333333333
19	0.35294117647058826	0.3157894736842105
20	0.4117647058823529	0.35
