1	0.06666666666666667	1.0
2	0.06666666666666667	0.5
3	0.06666666666666667	0.3333333333333333
4	0.06666666666666667	0.25
5	0.06666666666666667	0.2
6	0.06666666666666667	0.16666666666666666
7	0.06666666666666667	0.14285714285714285
8	0.06666666666666667	0.125
9	0.06666666666666667	0.1111111111111111
10	0.06666666666666667	0.1
11	0.06666666666666667	0.09090909090909091
12	0.06666666666666667	0.08333333333333333
13	0.06666666666666667	0.07692307692307693
14	0.13333333333333333	0.14285714285714285
15	0.13333333333333333	0.13333333333333333
16	0.13333333333333333	0.125
17	0.13333333333333333	0.11764705882352941
18	0.2	0.16666666666666666
19	0.26666666666666666	0.21052631578947367
20	0.3333333333333333	0.25
