1	0.0	0.0
2	0.0	0.0
3	0.0	0.0
4	0.0	0.0
5	0.0	0.0
6	0.1111111111111111	0.16666666666666666
7	0.2222222222222222	0.2857142857142857
8	0.2222222222222222	0.25
9	0.2222222222222222	0.2222222222222222
10	0.2222222222222222	0.2
11	0.2222222222222222	0.18181818181818182
12	0.3333333333333333	0.25
13	0.3333333333333333	0.23076923076923078
14	0.4444444444444444	0.2857142857142857
15	0.4444444444444444	0.26666666666666666
16	0.4444444444444444	0.25
17	0.4444444444444444	0.23529411764705882
18	0.4444444444444444	0.2222222222222222
19	0.5555555555555556	0.2631578947368421
20	0.6666666666666666	0.3
