1	0.06666666666666667	1.0
2	0.13333333333333333	1.0
3	0.2	1.0
4	0.26666666666666666	1.0
5	0.3333333333333333	1.0
6	0.3333333333333333	0.8333333333333334
7	0.3333333333333333	0.7142857142857143
8	0.3333333333333333	0.625
9	0.3333333333333333	0.5555555555555556
10	0.3333333333333333	0.5
11	0.3333333333333333	0.45454545454545453
12	0.4	0.5
13	0.4666666666666667	0.5384615384615384
14	0.4666666666666667	0.5
15	0.4666666666666667	0.4666666666666667
16	0.5333333333333333	0.5
17	0.5333333333333333	0.47058823529411764
18	0.5333333333333333	0.4444444444444444
19	0.5333333333333333	0.42105263157894735
20	0.5333333333333333	0.4
