1	0.05263157894736842	1.0
2	0.10526315789473684	1.0
3	0.10526315789473684	0.6666666666666666
4	0.10526315789473684	0.5
5	0.10526315789473684	0.4
6	0.10526315789473684	0.3333333333333333
7	0.15789473684210525	0.42857142857142855
8	0.21052631578947367	0.5
9	0.21052631578947367	0.4444444444444444
10	0.2631578947368421	0.5
11	0.2631578947368421	0.45454545454545453
12	0.2631578947368421	0.4166666666666667
13	0.2631578947368421	0.38461538461538464
14	0.3157894736842105	0.42857142857142855
15	0.3157894736842105	0.4
16	0.3684210526315789	0.4375
17	0.3684210526315789	0.4117647058823529
18	0.42105263157894735	0.4444444444444444
19	0.42105263157894735	0.42105263157894735
20	0.42105263157894735	0.4
