1	0.07142857142857142	1.0
2	0.14285714285714285	1.0
3	0.21428571428571427	1.0
4	0.21428571428571427	0.75
5	0.21428571428571427	0.6
6	0.2857142857142857	0.6666666666666666
7	0.2857142857142857	0.5714285714285714
8	0.2857142857142857	0.5
9	0.35714285714285715	0.5555555555555556
10	0.35714285714285715	0.5
11	0.35714285714285715	0.45454545454545453
12	0.35714285714285715	0.4166666666666667
13	0.42857142857142855	0.46153846153846156
14	0.5	0.5
15	0.5	0.4666666666666667
16	0.5	0.4375
17	0.5	0.4117647058823529
18	0.5	0.3888888888888889
19	0.5	0.3684210526315789
20	0.5	0.35
