1	0.07692307692307693	1.0
2	0.07692307692307693	0.5
3	0.07692307692307693	0.3333333333333333
4	0.07692307692307693	0.25
5	0.07692307692307693	0.2
6	0.15384615384615385	0.3333333333333333
7	0.15384615384615385	0.2857142857142857
8	0.23076923076923078	0.375
9	0.3076923076923077	0.4444444444444444
10	0.3076923076923077	0.4
11	0.3076923076923077	0.36363636363636365
12	0.38461538461538464	0.4166666666666667
13	0.46153846153846156	0.46153846153846156
14	0.5384615384615384	0.5
15	0.6153846153846154	0.5333333333333333
16	0.6153846153846154	0.5
17	0.6153846153846154	0.47058823529411764
18	0.6153846153846154	0.4444444444444444
19	0.6153846153846154	0.42105263157894735
20	0.6153846153846154	0.4
