1	0.06666666666666667	1.0
2	0.13333333333333333	1.0
3	0.13333333333333333	0.6666666666666666
4	0.13333333333333333	0.5
5	0.13333333333333333	0.4
6	0.13333333333333333	0.3333333333333333
7	0.13333333333333333	0.2857142857142857
8	0.13333333333333333	0.25
9	0.13333333333333333	0.2222222222222222
10	0.13333333333333333	0.2
11	0.13333333333333333	0.18181818181818182
12	0.13333333333333333	0.16666666666666666
13	0.13333333333333333	0.15384615384615385
14	0.2	0.21428571428571427
15	0.2	0.2
16	0.2	0.1875
17	0.26666666666666666	0.23529411764705882
18	0.26666666666666666	0.2222222222222222
19	0.26666666666666666	0.21052631578947367
20	0.26666666666666666	0.2
