1	0.14285714285714285	1.0
2	0.14285714285714285	0.5
3	0.14285714285714285	0.3333333333333333
4	0.14285714285714285	0.25
5	0.14285714285714285	0.2
6	0.14285714285714285	0.16666666666666666
7	0.14285714285714285	0.14285714285714285
8	0.2857142857142857	0.25
9	0.2857142857142857	0.2222222222222222
10	0.2857142857142857	0.2
11	0.2857142857142857	0.18181818181818182
12	0.2857142857142857	0.16666666666666666
13	0.2857142857142857	0.15384615384615385
14	0.42857142857142855	0.21428571428571427
15	0.5714285714285714	0.26666666666666666
16	0.7142857142857143	0.3125
17	0.7142857142857143	0.29411764705882354
18	0.7142857142857143	0.2777777777777778
19	0.7142857142857143	0.2631578947368421
20	0.7142857142857143	0.25
