1	0.05555555555555555	1.0
2	0.05555555555555555	0.5
3	0.05555555555555555	0.3333333333333333
4	0.05555555555555555	0.25
5	0.05555555555555555	0.2
6	0.05555555555555555	0.16666666666666666
7	0.05555555555555555	0.14285714285714285
8	0.1111111111111111	0.25
9	0.1111111111111111	0.2222222222222222
10	0.1111111111111111	0.2
11	0.16666666666666666	0.2727272727272727
12	0.2222222222222222	0.3333333333333333
13	0.2777777777777778	0.38461538461538464
14	0.2777777777777778	0.35714285714285715
15	0.2777777777777778	0.3333333333333333
16	0.2777777777777778	0.3125
17	0.3333333333333333	0.35294117647058826
18	0.3333333333333333	0.3333333333333333
19	0.3888888888888889	0.3684210526315789
20	0.3888888888888889	0.35
