1	0.0	0.0
2	0.0	0.0
3	0.07142857142857142	0.3333333333333333
4	0.14285714285714285	0.5
5	0.14285714285714285	0.4
6	0.21428571428571427	0.5
7	0.2857142857142857	0.5714285714285714
8	0.2857142857142857	0.5
9	0.2857142857142857	0.4444444444444444
10	0.2857142857142857	0.4
11	0.2857142857142857	0.36363636363636365
12	0.2857142857142857	0.3333333333333333
13	0.35714285714285715	0.38461538461538464
14	0.35714285714285715	0.35714285714285715
15	0.35714285714285715	0.3333333333333333
16	0.35714285714285715	0.3125
17	0.42857142857142855	0.35294117647058826
18	0.42857142857142855	0.3333333333333333
19	0.42857142857142855	0.3157894736842105
20	0.42857142857142855	0.3
