1	0.06666666666666667	1.0
2	0.06666666666666667	0.5
3	0.06666666666666667	0.3333333333333333
4	0.06666666666666667	0.25
5	0.06666666666666667	0.2
6	0.06666666666666667	0.16666666666666666
7	0.06666666666666667	0.14285714285714285
8	0.06666666666666667	0.125
9	0.06666666666666667	0.1111111111111111
10	0.06666666666666667	0.1
11	0.13333333333333333	0.18181818181818182
12	0.2	0.25
13	0.2	0.23076923076923078
14	0.26666666666666666	0.2857142857142857
15	0.26666666666666666	0.26666666666666666
16	0.3333333333333333	0.3125
17	0.4	0.35294117647058826
18	0.4	0.3333333333333333
19	0.4	0.3157894736842105
20	0.4	0.3
