1	0.058823529411764705	1.0
2	0.058823529411764705	0.5
3	0.058823529411764705	0.3333333333333333
4	0.058823529411764705	0.25
5	0.058823529411764705	0.2
6	0.058823529411764705	0.16666666666666666
7	0.058823529411764705	0.14285714285714285
8	0.11764705882352941	0.25
9	0.17647058823529413	0.3333333333333333
10	0.17647058823529413	0.3
11	0.17647058823529413	0.2727272727272727
12	0.23529411764705882	0.3333333333333333
13	0.23529411764705882	0.3076923076923077
14	0.29411764705882354	0.35714285714285715
15	0.29411764705882354	0.3333333333333333
16	0.29411764705882354	0.3125
17	0.35294117647058826	0.35294117647058826
18	0.35294117647058826	0.3333333333333333
19	0.4117647058823529	0.3684210526315789
20	0.4117647058823529	0.35
