1	0.07692307692307693	1.0
2	0.07692307692307693	0.5
3	0.15384615384615385	0.6666666666666666
4	0.23076923076923078	0.75
5	0.23076923076923078	0.6
6	0.3076923076923077	0.6666666666666666
7	0.3076923076923077	0.5714285714285714
8	0.38461538461538464	0.625
9	0.38461538461538464	0.5555555555555556
10	0.38461538461538464	0.5
11	0.38461538461538464	0.45454545454545453
12	0.38461538461538464	0.4166666666666667
13	0.38461538461538464	0.38461538461538464
14	0.38461538461538464	0.35714285714285715
15	0.46153846153846156	0.4
16	0.46153846153846156	0.375
17	0.46153846153846156	0.35294117647058826
18	0.46153846153846156	0.3333333333333333
19	0.46153846153846156	0.3157894736842105
20	0.5384615384615384	0.35
