1	0.06666666666666667	1.0
2	0.13333333333333333	1.0
3	0.2	1.0
4	0.2	0.75
5	0.2	0.6
6	0.2	0.5
7	0.26666666666666666	0.5714285714285714
8	0.3333333333333333	0.625
9	0.3333333333333333	0.5555555555555556
10	0.3333333333333333	0.5
11	0.4	0.5454545454545454
12	0.4	0.5
13	0.4666666666666667	0.5384615384615384
14	0.4666666666666667	0.5
15	0.4666666666666667	0.4666666666666667
16	0.4666666666666667	0.4375
17	0.4666666666666667	0.4117647058823529
18	0.4666666666666667	0.3888888888888889
19	0.4666666666666667	0.3684210526315789
20	0.4666666666666667	0.35
