1	0.058823529411764705	1.0
2	0.058823529411764705	0.5
3	0.11764705882352941	0.6666666666666666
4	0.17647058823529413	0.75
5	0.17647058823529413	0.6
6	0.23529411764705882	0.6666666666666666
7	0.29411764705882354	0.7142857142857143
8	0.35294117647058826	0.75
9	0.35294117647058826	0.6666666666666666
10	0.4117647058823529	0.7
11	0.4117647058823529	0.6363636363636364
12	0.4117647058823529	0.5833333333333334
13	0.47058823529411764	0.6153846153846154
14	0.47058823529411764	0.5714285714285714
15	0.47058823529411764	0.5333333333333333
16	0.47058823529411764	0.5
17	0.47058823529411764	0.47058823529411764
18	0.47058823529411764	0.4444444444444444
19	0.47058823529411764	0.42105263157894735
20	0.47058823529411764	0.4
