1	0.0	0.0
2	0.0	0.0
3	0.0	0.0
4	0.0	0.0
5	0.0	0.0
6	0.05263157894736842	0.16666666666666666
7	0.10526315789473684	0.2857142857142857
8	0.15789473684210525	0.375
9	0.15789473684210525	0.3333333333333333
10	0.15789473684210525	0.3
11	0.15789473684210525	0.2727272727272727
12	0.15789473684210525	0.25
13	0.15789473684210525	0.23076923076923078
14	0.15789473684210525	0.21428571428571427
15	0.15789473684210525	0.2
16	0.15789473684210525	0.1875
17	0.15789473684210525	0.17647058823529413
18	0.15789473684210525	0.16666666666666666
19	0.21052631578947367	0.21052631578947367
20	0.21052631578947367	0.2
