1	0.0	0.0
2	0.0	0.0
3	0.0	0.0
4	0.0	0.0
5	0.0	0.0
6	0.09090909090909091	0.16666666666666666
7	0.18181818181818182	0.2857142857142857
8	0.2727272727272727	0.375
9	0.2727272727272727	0.3333333333333333
10	0.36363636363636365	0.4
11	0.45454545454545453	0.45454545454545453
12	0.45454545454545453	0.4166666666666667
13	0.5454545454545454	0.46153846153846156
14	0.5454545454545454	0.42857142857142855
15	0.6363636363636364	0.4666666666666667
16	0.6363636363636364	0.4375
17	0.6363636363636364	0.4117647058823529
18	0.6363636363636364	0.3888888888888889
19	0.6363636363636364	0.3684210526315789
20	0.6363636363636364	0.35
