1	0.08333333333333333	1.0
2	0.16666666666666666	1.0
3	0.25	1.0
4	0.3333333333333333	1.0
5	0.3333333333333333	0.8
6	0.3333333333333333	0.6666666666666666
7	0.3333333333333333	0.5714285714285714
8	0.3333333333333333	0.5
9	0.3333333333333333	0.4444444444444444
10	0.3333333333333333	0.4
11	0.3333333333333333	0.36363636363636365
12	0.4166666666666667	0.4166666666666667
13	0.5	0.46153846153846156
14	0.5	0.42857142857142855
15	0.5	0.4
16	0.5	0.375
17	0.5	0.35294117647058826
18	0.5	0.3333333333333333
19	0.5	0.3157894736842105
20	0.5	0.3
