1	0.05263157894736842	1.0
2	0.10526315789473684	1.0
3	0.15789473684210525	1.0
4	0.15789473684210525	0.75
5	0.15789473684210525	0.6
6	0.15789473684210525	0.5
7	0.15789473684210525	0.42857142857142855
8	0.15789473684210525	0.375
9	0.15789473684210525	0.3333333333333333
10	0.15789473684210525	0.3
11	0.15789473684210525	0.2727272727272727
12	0.21052631578947367	0.3333333333333333
13	0.21052631578947367	0.3076923076923077
14	0.21052631578947367	0.2857142857142857
15	0.21052631578947367	0.26666666666666666
16	0.2631578947368421	0.3125
17	0.2631578947368421	0.29411764705882354
18	0.2631578947368421	0.2777777777777778
19	0.2631578947368421	0.2631578947368421
20	0.2631578947368421	0.25
