1	0.07692307692307693	1.0
2	0.07692307692307693	0.5
3	0.07692307692307693	0.3333333333333333
4	0.07692307692307693	0.25
5	0.07692307692307693	0.2
6	0.07692307692307693	0.16666666666666666
7	0.07692307692307693	0.14285714285714285
8	0.07692307692307693	0.125
9	0.07692307692307693	0.1111111111111111
10	0.07692307692307693	0.1
11	0.15384615384615385	0.18181818181818182
12	0.23076923076923078	0.25
13	0.3076923076923077	0.3076923076923077
14	0.38461538461538464	0.35714285714285715
15	0.38461538461538464	0.3333333333333333
16	0.46153846153846156	0.375
17	0.5384615384615384	0.4117647058823529
18	0.5384615384615384	0.3888888888888889
19	0.6153846153846154	0.42105263157894735
20	0.6923076923076923	0.45
