1	0.16666666666666666	1.0
2	0.16666666666666666	0.5
3	0.16666666666666666	0.3333333333333333
4	0.16666666666666666	0.25
5	0.16666666666666666	0.2
6	0.16666666666666666	0.16666666666666666
7	0.3333333333333333	0.2857142857142857
8	0.5	0.375
9	0.5	0.3333333333333333
10	0.6666666666666666	0.4
11	0.6666666666666666	0.36363636363636365
12	0.6666666666666666	0.3333333333333333
13	0.8333333333333334	0.38461538461538464
14	1.0	0.42857142857142855
15	1.0	0.4
16	1.0	0.375
17	1.0	0.35294117647058826
18	1.0	0.3333333333333333
19	1.0	0.3157894736842105
20	1.0	0.3
