1	0.018519411369504243	0.1536
2	0.024570998963197088	0.1048
3	0.02798617630047969	0.08053333333333342
4	0.02952981775706232	0.064
5	0.03097362728087184	0.05343999999999993
6	0.045549873092164066	0.06639999999999993
7	0.05514056511084374	0.06925714285714296
8	0.06079740226062209	0.0668
9	0.06757901907518007	0.06631111111111117
10	0.0716009415971026	0.06352000000000013
11	0.08242111475727583	0.06589090909090925
12	0.08689578740488968	0.06413333333333338
13	0.09001600718510946	0.061415384615384656
14	0.09295228120348875	0.058857142857142955
15	0.09565233892354649	0.056533333333333345
16	0.0985670833603962	0.0546
17	0.10025089288420572	0.052141176470588094
18	0.10239917776753704	0.05040000000000017
19	0.10475028887864817	0.04884210526315804
20	0.10767034659870588	0.04768000000000012
