1	0.017429009256996857	0.1504
2	0.023642827203755976	0.1048
3	0.028667451468380244	0.08480000000000008
4	0.03164663228756106	0.0704
5	0.032414153655082434	0.05791999999999994
6	0.045425779806708595	0.0682666666666666
7	0.05303815383790616	0.0681142857142858
8	0.05923145896415245	0.0682
9	0.064240838473532	0.06577777777777782
10	0.067511292463986	0.06240000000000016
11	0.07280777359551359	0.06123636363636369
12	0.07623196192180716	0.05879999999999993
13	0.08012775501760028	0.056984615384615314
14	0.08361167998152523	0.05531428571428584
15	0.09139388502794085	0.056319999999999946
16	0.09604314909720496	0.0552
17	0.09712256588956295	0.052611764705882226
18	0.09979300211999917	0.05093333333333345
19	0.10168473401383633	0.04917894736842114
20	0.10376690360894708	0.04768000000000014
