1	0.017035077691486353	0.1504
2	0.023248869486206924	0.1048
3	0.02607154739309536	0.08106666666666675
4	0.027553769615317584	0.0644
5	0.030226208287756254	0.05599999999999992
6	0.043999544329079925	0.06666666666666667
7	0.053798679669144076	0.0692571428571429
8	0.05973601239489784	0.0676
9	0.06579514264201572	0.06631111111111111
10	0.06946281940969251	0.06304000000000012
11	0.0733646973666169	0.06109090909090919
12	0.07726572424479548	0.0592
13	0.08052347982255108	0.056984615384615314
14	0.08275645573552697	0.0546285714285715
15	0.09180907925236108	0.056639999999999975
16	0.09363707348035531	0.0543
17	0.09652880537419245	0.05270588235294106
18	0.09994763683512918	0.05137777777777791
19	0.10209682904642665	0.04976842105263166
20	0.10382444809404569	0.04800000000000014
