1	0.017623792464845085	0.152
2	0.024499053997258297	0.1072
3	0.02731655789686746	0.08106666666666676
4	0.029353466835881675	0.0656
5	0.03066815355267367	0.05503999999999993
6	0.04456110317614962	0.06640000000000001
7	0.0537219523854199	0.06948571428571433
8	0.0627507229818685	0.0718
9	0.07192331466950662	0.07324444444444449
10	0.0767761710528893	0.07056000000000014
11	0.08106133758226639	0.06778181818181832
12	0.09064104355912411	0.06920000000000001
13	0.09426219246869412	0.06670769230769237
14	0.09715699462560154	0.06388571428571435
15	0.10039439418510639	0.0615466666666667
16	0.10166487037558257	0.0584
17	0.1039652891381066	0.05637647058823526
18	0.1061546342958728	0.05457777777777792
19	0.10744599603355035	0.052547368421052724
20	0.10915229114195074	0.05088000000000014
