1	0.01804059858270384	0.1552
2	0.02339396949112118	0.1032
3	0.025791622783820908	0.07733333333333343
4	0.027891370191555933	0.064
5	0.029355399495585226	0.05407999999999993
6	0.04325697487926589	0.06506666666666668
7	0.05255279643644968	0.06834285714285719
8	0.06096355374931232	0.0694
9	0.06578675277251134	0.06684444444444447
10	0.07036384153170536	0.06416000000000013
11	0.07480286234577263	0.06167272727272735
12	0.07805227433728987	0.05906666666666668
13	0.07965439789656516	0.055876923076922984
14	0.08275704602930616	0.05417142857142865
15	0.09118631874489473	0.05546666666666663
16	0.09383420115488239	0.0537
17	0.0958200308807121	0.051576470588235154
18	0.09911055065333713	0.050311111111111265
19	0.10043385238084938	0.04842105263157907
20	0.10219264025963726	0.04680000000000012
