1	0.015898596140701396	0.1312
2	0.021904820861972547	0.0912
3	0.026503730840882526	0.07253333333333338
4	0.02870690544405713	0.0588
5	0.029794536244629116	0.04927999999999991
6	0.04234848944656994	0.059733333333333326
7	0.050679273069551695	0.06240000000000001
8	0.057934857155228704	0.0636
9	0.06197981203523004	0.060977777777777735
10	0.06899511910861765	0.06160000000000009
11	0.07271289688639544	0.0590545454545455
12	0.07643783909932524	0.05706666666666664
13	0.07956823076476331	0.05452307692307683
14	0.08378266949424854	0.053371428571428646
15	0.09336582091455167	0.05525333333333327
16	0.09667614672908803	0.0539
17	0.09905059952775139	0.052141176470588094
18	0.1005789689361208	0.05013333333333344
19	0.10224921120846833	0.048336842105263234
20	0.10391403083328794	0.04664000000000012
