1	0.01694465279474566	0.1472
2	0.022836273427295082	0.1016
3	0.02601335412437577	0.07893333333333341
4	0.02801705330101612	0.0648
5	0.029652912178980268	0.055039999999999915
6	0.0447561898782332	0.07039999999999993
7	0.0534969323349509	0.07314285714285726
8	0.059927465331366295	0.072
9	0.06586421103492318	0.07057777777777785
10	0.07020582324452299	0.0680000000000002
11	0.07392368224826432	0.0654545454545455
12	0.07937159195122047	0.06426666666666665
13	0.08236609744572597	0.061661538461538455
14	0.08640818819295605	0.06057142857142867
15	0.09322063623339177	0.061120000000000035
16	0.09671473161169769	0.0595
17	0.10027280513775885	0.05825882352941173
18	0.1025759848338797	0.056444444444444616
19	0.10503367808661936	0.05482105263157906
20	0.10598841651640423	0.0526400000000001
