1	0.017351011630268587	0.1536
2	0.02179097669444418	0.0976
3	0.024131034414501904	0.07360000000000005
4	0.025152044515512	0.058
5	0.026066232549700034	0.0483199999999999
6	0.03792323077679111	0.058133333333333335
7	0.046191390687056286	0.0617142857142857
8	0.05375602219589835	0.0636
9	0.06273643955631575	0.06560000000000003
10	0.06722857245265919	0.06352000000000015
11	0.071973241701539	0.06196363636363648
12	0.08229967148091	0.0642666666666667
13	0.08839284497408353	0.06363076923076931
14	0.09059395030150463	0.06080000000000009
15	0.09255734468489901	0.058133333333333384
16	0.09533192105452182	0.0562
17	0.09769617516298647	0.0543058823529411
18	0.1001364385253551	0.05262222222222239
19	0.10219028229424527	0.05103157894736853
20	0.1032814769475452	0.04904000000000016
