1	0.016495661620800926	0.1488
2	0.020058491958677697	0.0944
3	0.023995951362019447	0.07466666666666671
4	0.02593299653906462	0.0612
5	0.02775346339247265	0.053119999999999924
6	0.040329466893615475	0.06399999999999996
7	0.049918136586495715	0.06811428571428578
8	0.05705104720528873	0.068
9	0.06307237238166033	0.0673777777777778
10	0.06713491568630889	0.06480000000000016
11	0.07092488408048779	0.06225454545454553
12	0.07389238677387283	0.05973333333333331
13	0.07694363914723049	0.05747692307692307
14	0.07972771350424604	0.05531428571428575
15	0.08956679418964257	0.05760000000000001
16	0.09415371869960114	0.0568
17	0.09563195519994293	0.05439999999999992
18	0.09865413746212522	0.05297777777777793
19	0.10041234213327108	0.051115789473684316
20	0.1022435626774328	0.04952000000000013
