1	0.017257163325150943	0.152
2	0.022279870092068218	0.0992
3	0.025960654405793707	0.07680000000000006
4	0.02794188428702358	0.0628
5	0.02880765028573075	0.052479999999999895
6	0.041091993751003	0.06213333333333338
7	0.05143822421816227	0.06719999999999998
8	0.05817781390951668	0.0674
9	0.06183129212720543	0.0638222222222222
10	0.06767898064783512	0.0628800000000001
11	0.07250496642676209	0.06138181818181828
12	0.07594201662802279	0.05906666666666664
13	0.07868355796250531	0.05673846153846147
14	0.08247232236631617	0.05531428571428579
15	0.09078726340051421	0.056853333333333284
16	0.09520300380046512	0.0559
17	0.0978043431147456	0.05421176470588225
18	0.09974489210823577	0.05244444444444457
19	0.10137630654175547	0.05061052631578956
20	0.10263477696022587	0.048720000000000104
