1	0.016495661620800926	0.1488
2	0.020058491958677697	0.0944
3	0.023995951362019447	0.07333333333333339
4	0.02593299653906462	0.05986666666666667
5	0.02775346339247265	0.05199999999999992
6	0.02775346339247265	0.043418181818181883
7	0.028006562807677333	0.037676190476190426
8	0.028006562807677333	0.033030769230769225
9	0.028006562807677333	0.029409523809523747
10	0.028006562807677333	0.026506666666666626
11	0.040582566308820164	0.03489090909090912
12	0.05059987328117359	0.03990588235294113
13	0.05789278389996659	0.04212649572649565
14	0.06470268050490965	0.04393984962406022
15	0.07588023160877655	0.04693333333333328
16	0.0696899198634183	0.0418
17	0.07197568586212547	0.040658823529411664
18	0.07486693823548313	0.04000000000000004
19	0.07686244116392722	0.03898947368421057
20	0.0795865140501054	0.03840000000000008
