1	0.017351011630268587	0.1536
2	0.02179097669444418	0.0976
3	0.024131034414501904	0.07360000000000005
4	0.025152044515512	0.058
5	0.026066232549700034	0.0481599999999999
6	0.026066232549700034	0.04014545454545458
7	0.02665258175604924	0.0349523809523809
8	0.02665258175604924	0.030615384615384614
9	0.02665258175604924	0.027238095238095172
10	0.02665258175604924	0.02453333333333328
11	0.03919592918948954	0.03246363636363638
12	0.053811828680435485	0.039662745098039166
13	0.06370790652072392	0.043678632478632434
14	0.07268832388114134	0.04648421052631594
15	0.07765664725367522	0.0466933333333333
16	0.07062054328884057	0.0417
17	0.07401288428118158	0.04103529411764696
18	0.07777461144290876	0.040800000000000065
19	0.07997571677032986	0.03991578947368426
20	0.08146292067753376	0.03872000000000008
