1	0.01694465279474566	0.1472
2	0.022836273427295082	0.1016
3	0.02601335412437577	0.07793333333333341
4	0.02801705330101612	0.06413333333333333
5	0.029652912178980268	0.05439999999999992
6	0.029652912178980268	0.045381818181818225
7	0.029852912178980274	0.03906666666666661
8	0.029852912178980274	0.03421538461538461
9	0.029852912178980274	0.030438095238095174
10	0.029852912178980274	0.0274133333333333
11	0.0449561898782332	0.03831818181818185
12	0.05404780952793336	0.04284705882352939
13	0.06047834252434875	0.0444923076923076
14	0.06684215589707858	0.04581052631578956
15	0.0755377339756907	0.047919999999999935
16	0.07304423362671042	0.0445
17	0.07794126613668412	0.044517647058823426
18	0.08093577163118962	0.04373333333333341
19	0.08455079470924676	0.04362105263157899
20	0.08700927688067014	0.04272000000000009
