1	0.017429009256996857	0.14906666666666668
2	0.023642827203755976	0.10422857142857142
3	0.028667451468380244	0.08246666666666673
4	0.03164663228756106	0.06884444444444446
5	0.032414153655082434	0.056799999999999934
6	0.032414153655082434	0.04741818181818186
7	0.03328272508365387	0.04123809523809515
8	0.03328272508365387	0.03615384615384615
9	0.03328272508365387	0.032190476190476124
10	0.03328272508365387	0.029013333333333297
11	0.04629435123528003	0.03731818181818183
12	0.05361339193314424	0.03958431372549016
13	0.05980669705939055	0.04185982905982898
14	0.06527385434654788	0.042460150375939955
15	0.07426492608183019	0.044426666666666614
16	0.07062364661138659	0.041
17	0.07347259684244208	0.040188235294117546
18	0.0773683899382352	0.03991111111111116
19	0.08039453712438237	0.039326315789473716
20	0.08245612442596967	0.0382400000000001
