1	0.018519411369504243	0.15226666666666666
2	0.024570998963197088	0.10422857142857142
3	0.02798617630047969	0.07886666666666674
4	0.02952981775706232	0.06244444444444445
5	0.03097362728087184	0.05231999999999992
6	0.03097362728087184	0.04368484848484856
7	0.03150696061420517	0.037904761904761844
8	0.03150696061420517	0.03323076923076923
9	0.03150696061420517	0.029587301587301516
10	0.03164029394753851	0.026773333333333305
11	0.05222522662751762	0.03950000000000001
12	0.06244581763609633	0.043772549019607775
13	0.06810265478587467	0.04432136752136747
14	0.07519538271154377	0.0458646616541355
15	0.07908397190013297	0.04533333333333328
16	0.07474670850992833	0.041
17	0.07805814883430982	0.040564705882352836
18	0.08117836861452961	0.03991111111111115
19	0.0838035315217978	0.038989473684210546
20	0.08650358924185551	0.03824000000000008
