1	0.01804059858270384	0.1552
2	0.02339396949112118	0.1032
3	0.025791622783820908	0.07666666666666677
4	0.027891370191555933	0.06333333333333334
5	0.029355399495585226	0.053279999999999925
6	0.029355399495585226	0.04446060606060611
7	0.03007839790068891	0.03881904761904756
8	0.03007839790068891	0.034030769230769226
9	0.030192683614974618	0.030412698412698353
10	0.030192683614974618	0.0274133333333333
11	0.04409425899865528	0.035863636363636375
12	0.0533423202459735	0.03994509803921565
13	0.06175307755883613	0.042810256410256334
14	0.06685935350511206	0.04323007518797
15	0.07798281425488866	0.04591999999999996
16	0.07323377447457947	0.0413
17	0.07580794837085865	0.040282352941176366
18	0.07741007193013393	0.039022222222222264
19	0.08011535742551226	0.038400000000000024
20	0.08199825815051828	0.03728000000000007
