1	0.017623792464845085	0.14933333333333335
2	0.024499053997258297	0.10491428571428574
3	0.02731655789686746	0.07973333333333342
4	0.029353466835881675	0.06471111111111111
5	0.03066815355267367	0.05423999999999994
6	0.03066815355267367	0.04526060606060611
7	0.03066815355267367	0.038838095238095185
8	0.03066815355267367	0.034015384615384614
9	0.03134893786639917	0.03071746031746025
10	0.03220608072354202	0.028106666666666644
11	0.04683426844225607	0.03719090909090912
12	0.06183674252819768	0.04457254901960779
13	0.07086551312464627	0.04801367521367514
14	0.07935732049855893	0.05026766917293245
15	0.08411182190358663	0.049973333333333265
16	0.07783198183996948	0.0449
17	0.08157006294015584	0.04414117647058812
18	0.08519121184972583	0.0437333333333334
19	0.08808601400663324	0.04286315789473688
20	0.09056462568735019	0.04184000000000006
