1	0.017035077691486353	0.14906666666666665
2	0.023248869486206924	0.10422857142857142
3	0.02607154739309536	0.07940000000000007
4	0.027553769615317584	0.0632888888888889
5	0.030226208287756254	0.05487999999999993
6	0.030226208287756254	0.04581818181818187
7	0.031073827335375295	0.03999999999999994
8	0.031073827335375295	0.035076923076923075
9	0.031073827335375295	0.031238095238095166
10	0.031073827335375295	0.028159999999999963
11	0.044847163376698966	0.03654545454545458
12	0.054576223528793204	0.040399999999999985
13	0.06051355625454696	0.04163418803418795
14	0.06689268650166483	0.0429413533834587
15	0.07774356065674959	0.04562666666666662
16	0.07148717932909887	0.0408
17	0.07461066234762832	0.04018823529411755
18	0.0778684179253839	0.03964444444444448
19	0.07978139383835982	0.0385684210526316
20	0.08165081996778593	0.037600000000000064
