1	0.017257163325150943	0.152
2	0.022279870092068218	0.0992
3	0.025960654405793707	0.0761333333333334
4	0.02794188428702358	0.06235555555555555
5	0.02880765028573075	0.05183999999999991
6	0.02880765028573075	0.0432484848484849
7	0.028887650285730752	0.037238095238095174
8	0.029010727208807673	0.032738461538461536
9	0.029010727208807673	0.029130158730158662
10	0.029010727208807673	0.02623999999999995
11	0.04129507067407993	0.033909090909090965
12	0.051978845000888306	0.03938039215686273
13	0.0585953577691658	0.04153846153846145
14	0.06262883598685455	0.04135338345864666
15	0.0742423710104825	0.04479999999999992
16	0.07171331807511373	0.0416
17	0.07473282441672531	0.04084705882352929
18	0.07747436575120784	0.04017777777777781
19	0.08088313015501869	0.03974736842105264
20	0.0834322246862185	0.03912000000000006
