1	0.015898596140701396	0.12986666666666669
2	0.021904820861972547	0.09062857142857142
3	0.026503730840882526	0.07153333333333338
4	0.02870690544405713	0.05791111111111111
5	0.029794536244629116	0.04847999999999992
6	0.029794536244629116	0.04046060606060609
7	0.029972314022406892	0.034857142857142816
8	0.029972314022406892	0.030538461538461535
9	0.029972314022406892	0.027174603174603122
10	0.029972314022406892	0.024479999999999957
11	0.042526267224347714	0.032454545454545486
12	0.0508792730695517	0.03625882352941176
13	0.0581348571552287	0.03902222222222214
14	0.06253981203523004	0.039272180451127854
15	0.07766709001352978	0.044506666666666625
16	0.07162214319564172	0.04
17	0.07514708540857155	0.03962352941176461
18	0.07827747707400963	0.03875555555555558
19	0.08213191580349483	0.03856842105263159
20	0.08360309631888589	0.03736000000000005
