1	0,152	0,000	0,000	0,000	
2	0,189	0,010	0,000	0,000	
3	0,210	0,019	0,002	0,000	
4	0,221	0,029	0,002	0,000	
5	0,229	0,030	0,003	0,000	
6	0,280	0,077	0,013	0,003	
7	0,317	0,110	0,037	0,005	
8	0,338	0,142	0,046	0,011	
9	0,347	0,154	0,054	0,016	
10	0,366	0,174	0,059	0,024	
11	0,374	0,190	0,067	0,029	
12	0,384	0,203	0,077	0,029	
13	0,390	0,208	0,086	0,032	
14	0,400	0,219	0,094	0,037	
15	0,453	0,229	0,101	0,043	
16	0,469	0,243	0,106	0,045	
17	0,474	0,250	0,112	0,048	
18	0,477	0,254	0,120	0,053	
19	0,482	0,254	0,128	0,056	
20	0,482	0,258	0,128	0,062	
