1	0,152	0,000	0,000	0,000	
2	0,195	0,019	0,000	0,000	
3	0,213	0,027	0,003	0,000	
4	0,224	0,035	0,003	0,000	
5	0,229	0,043	0,003	0,000	
6	0,275	0,094	0,026	0,003	
7	0,312	0,114	0,050	0,011	
8	0,339	0,152	0,056	0,026	
9	0,363	0,187	0,069	0,035	
10	0,373	0,195	0,083	0,042	
11	0,384	0,202	0,094	0,051	
12	0,437	0,219	0,101	0,056	
13	0,442	0,227	0,106	0,064	
14	0,446	0,237	0,112	0,069	
15	0,456	0,240	0,118	0,070	
16	0,456	0,242	0,126	0,072	
17	0,464	0,245	0,133	0,075	
18	0,466	0,245	0,141	0,082	
19	0,469	0,248	0,144	0,083	
20	0,474	0,253	0,146	0,086	
