1	0,154	0,000	0,000	0,000	
2	0,178	0,018	0,000	0,000	
3	0,194	0,024	0,003	0,000	
4	0,202	0,026	0,003	0,002	
5	0,210	0,027	0,003	0,002	
6	0,256	0,080	0,010	0,003	
7	0,294	0,104	0,029	0,005	
8	0,315	0,131	0,051	0,011	
9	0,338	0,160	0,066	0,022	
10	0,352	0,168	0,074	0,032	
11	0,365	0,182	0,088	0,034	
12	0,430	0,189	0,093	0,040	
13	0,451	0,200	0,099	0,045	
14	0,454	0,202	0,106	0,046	
15	0,458	0,210	0,109	0,048	
16	0,466	0,219	0,114	0,051	
17	0,470	0,229	0,117	0,056	
18	0,475	0,235	0,118	0,062	
19	0,477	0,242	0,126	0,062	
20	0,477	0,245	0,128	0,066	
