1	0,149	0,000	0,000	0,000	
2	0,178	0,011	0,000	0,000	
3	0,202	0,019	0,003	0,000	
4	0,216	0,022	0,006	0,000	
5	0,229	0,026	0,008	0,003	
6	0,278	0,086	0,014	0,003	
7	0,318	0,112	0,035	0,006	
8	0,333	0,147	0,048	0,010	
9	0,346	0,171	0,062	0,018	
10	0,352	0,181	0,075	0,022	
11	0,357	0,189	0,083	0,034	
12	0,366	0,198	0,088	0,037	
13	0,376	0,203	0,096	0,040	
14	0,386	0,208	0,099	0,045	
15	0,448	0,222	0,104	0,050	
16	0,454	0,237	0,114	0,056	
17	0,456	0,242	0,115	0,059	
18	0,464	0,243	0,123	0,064	
19	0,467	0,248	0,130	0,066	
20	0,475	0,250	0,131	0,070	
