1	0,147	0,000	0,000	0,000	
2	0,182	0,021	0,000	0,000	
3	0,202	0,034	0,002	0,000	
4	0,213	0,040	0,005	0,002	
5	0,222	0,043	0,008	0,002	
6	0,286	0,102	0,027	0,005	
7	0,322	0,122	0,048	0,016	
8	0,336	0,142	0,064	0,024	
9	0,357	0,160	0,074	0,030	
10	0,363	0,176	0,080	0,040	
11	0,370	0,194	0,083	0,045	
12	0,387	0,206	0,088	0,056	
13	0,392	0,214	0,098	0,058	
14	0,400	0,227	0,104	0,064	
15	0,440	0,238	0,110	0,070	
16	0,453	0,245	0,118	0,070	
17	0,464	0,253	0,120	0,074	
18	0,467	0,256	0,125	0,075	
19	0,469	0,261	0,134	0,078	
20	0,470	0,264	0,136	0,078	
