1	0,155	0,000	0,000	0,000	
2	0,187	0,019	0,000	0,000	
3	0,203	0,027	0,002	0,000	
4	0,218	0,032	0,005	0,002	
5	0,224	0,038	0,006	0,002	
6	0,272	0,096	0,016	0,006	
7	0,314	0,120	0,035	0,008	
8	0,334	0,158	0,046	0,010	
9	0,344	0,173	0,059	0,013	
10	0,350	0,189	0,070	0,016	
11	0,358	0,203	0,077	0,022	
12	0,371	0,205	0,082	0,030	
13	0,376	0,206	0,086	0,034	
14	0,386	0,211	0,096	0,037	
15	0,445	0,216	0,102	0,037	
16	0,454	0,221	0,110	0,037	
17	0,454	0,230	0,114	0,040	
18	0,467	0,237	0,115	0,045	
19	0,470	0,240	0,115	0,051	
20	0,472	0,243	0,122	0,054	
