1	0,154	0,000	0,000	0,000	
2	0,202	0,008	0,000	0,000	
3	0,221	0,019	0,002	0,000	
4	0,229	0,022	0,005	0,000	
5	0,235	0,027	0,005	0,000	
6	0,293	0,090	0,014	0,002	
7	0,328	0,109	0,042	0,006	
8	0,341	0,131	0,051	0,011	
9	0,358	0,150	0,067	0,018	
10	0,373	0,165	0,075	0,018	
11	0,429	0,181	0,083	0,022	
12	0,442	0,189	0,090	0,037	
13	0,448	0,197	0,098	0,040	
14	0,456	0,202	0,106	0,043	
15	0,458	0,211	0,114	0,048	
16	0,462	0,218	0,118	0,051	
17	0,464	0,218	0,120	0,054	
18	0,470	0,222	0,126	0,056	
19	0,475	0,226	0,133	0,062	
20	0,490	0,230	0,138	0,064	
