1	0,150	0,000	0,000	0,000	
2	0,194	0,016	0,000	0,000	
3	0,216	0,026	0,002	0,000	
4	0,227	0,026	0,005	0,000	
5	0,243	0,030	0,006	0,000	
6	0,283	0,101	0,010	0,006	
7	0,317	0,123	0,035	0,010	
8	0,331	0,141	0,053	0,016	
9	0,346	0,171	0,058	0,018	
10	0,352	0,176	0,070	0,026	
11	0,358	0,190	0,080	0,030	
12	0,370	0,200	0,088	0,035	
13	0,376	0,208	0,099	0,035	
14	0,382	0,211	0,106	0,040	
15	0,445	0,222	0,109	0,045	
16	0,451	0,227	0,109	0,048	
17	0,459	0,230	0,115	0,053	
18	0,469	0,240	0,117	0,056	
19	0,472	0,245	0,123	0,058	
20	0,477	0,248	0,125	0,059	
