1	0,131	0,000	0,000	0,000	
2	0,160	0,022	0,000	0,000	
3	0,184	0,029	0,005	0,000	
4	0,195	0,035	0,005	0,000	
5	0,203	0,038	0,005	0,000	
6	0,253	0,083	0,021	0,002	
7	0,288	0,106	0,032	0,011	
8	0,306	0,138	0,045	0,018	
9	0,317	0,149	0,053	0,022	
10	0,341	0,162	0,069	0,029	
11	0,346	0,170	0,078	0,032	
12	0,352	0,181	0,082	0,040	
13	0,352	0,189	0,086	0,051	
14	0,366	0,198	0,094	0,056	
15	0,438	0,202	0,098	0,056	
16	0,446	0,208	0,102	0,059	
17	0,451	0,213	0,109	0,061	
18	0,456	0,219	0,110	0,062	
19	0,456	0,219	0,117	0,069	
20	0,458	0,224	0,122	0,069	
