1	0,150	0,000	0,000	0,000	
2	0,187	0,022	0,000	0,000	
3	0,218	0,032	0,005	0,000	
4	0,234	0,042	0,006	0,000	
5	0,238	0,042	0,010	0,000	
6	0,296	0,090	0,019	0,005	
7	0,323	0,115	0,029	0,006	
8	0,336	0,147	0,046	0,011	
9	0,352	0,166	0,054	0,011	
10	0,362	0,174	0,064	0,016	
11	0,370	0,192	0,077	0,022	
12	0,378	0,200	0,082	0,032	
13	0,386	0,208	0,091	0,038	
14	0,394	0,216	0,094	0,046	
15	0,443	0,229	0,096	0,048	
16	0,453	0,238	0,110	0,050	
17	0,458	0,242	0,110	0,051	
18	0,464	0,251	0,110	0,056	
19	0,467	0,254	0,115	0,061	
20	0,470	0,259	0,122	0,062	
