1	0.03171134907977014	0.19649122807017544
2	0.053505811926864495	0.17192982456140352
3	0.06504707767865656	0.14152046783625732
4	0.07561634272160582	0.12543859649122807
5	0.08185137474611151	0.10947368421052608
6	0.11019533098480455	0.12280701754385964
7	0.13761539629960678	0.12982456140350868
8	0.1597274070958282	0.13201754385964912
9	0.17205590361937123	0.12670565302144238
10	0.18556403291697418	0.12350877192982467
11	0.2030241361665511	0.1224880382775121
12	0.21566814563718595	0.11959064327485373
13	0.22874528292484952	0.11659919028340061
14	0.24174579118851566	0.11503759398496248
15	0.25136546001871085	0.11134502923976584
16	0.2571674650312422	0.10679824561403509
17	0.2673137904407257	0.10443756449948376
18	0.2818268553485275	0.10428849902534122
19	0.28467875634284334	0.10009233610341645
20	0.2917058325804459	0.09754385964912288
