1	0.03392161752272555	0.22105263157894736
2	0.04795053515275118	0.15789473684210525
3	0.06219644826293021	0.14152046783625724
4	0.07060863369727628	0.12017543859649123
5	0.0805292376137251	0.11087719298245598
6	0.11230730180868677	0.12923976608187138
7	0.13827705637954948	0.13634085213032568
8	0.16099436164533124	0.13903508771929823
9	0.17331275295956736	0.1337231968810915
10	0.1871977325024416	0.1305263157894738
11	0.20208355817774096	0.12695374800637974
12	0.21222975700815025	0.1222222222222222
13	0.22453438220751232	0.11956815114709833
14	0.23401987055726658	0.1162907268170426
15	0.23917739155273782	0.11134502923976589
16	0.24549596576604887	0.10723684210526316
17	0.24939890493214595	0.10257997936016489
18	0.2560115223342371	0.09922027290448343
19	0.2617785038906923	0.0962142197599261
20	0.26751101699162655	0.09350877192982462
