1	0.03720316540953658	0.23157894736842105
2	0.06101560053776115	0.18771929824561404
3	0.07626474710269718	0.1590643274853802
4	0.08945618529413536	0.1412280701754386
5	0.09793432508806461	0.12421052631578937
6	0.12716465436687044	0.135672514619883
7	0.1500732839029238	0.13734335839598993
8	0.16954443653197124	0.13640350877192983
9	0.18266347149311146	0.13060428849902525
10	0.19262161276704223	0.12421052631578962
11	0.20321476230756022	0.11897926634768749
12	0.21561394207516102	0.11608187134502918
13	0.22162619492951913	0.11066126855600515
14	0.2314688571406024	0.10701754385964925
15	0.2370037103555111	0.10269005847953198
16	0.24395420625337536	0.0993421052631579
17	0.24993164986239783	0.09597523219814219
18	0.25680577963126444	0.09317738791423012
19	0.26206754515618785	0.09030470914127428
20	0.26570163036922045	0.08701754385964924
