1	0.03152154375838586	0.19649122807017544
2	0.05282448545606434	0.1736842105263158
3	0.06727229541471022	0.14970760233918134
4	0.07406079444005136	0.12368421052631579
5	0.08093246708571782	0.10877192982456121
6	0.11316112049858175	0.12807017543859656
7	0.13564916994483564	0.13182957393483707
8	0.15684268403308657	0.1337719298245614
9	0.16641396070962636	0.12631578947368405
10	0.18008391791673528	0.12421052631578959
11	0.1900324002336388	0.11961722488038289
12	0.19815896664967883	0.11432748538011689
13	0.20929957068501978	0.11228070175438573
14	0.21968677607222514	0.1090225563909776
15	0.22889325185764833	0.10596491228070157
16	0.23080510219055125	0.10021929824561404
17	0.23788487427032332	0.09742002063983468
18	0.24185591297820414	0.09376218323586757
19	0.24865518239357254	0.09141274238227154
20	0.2541793686762727	0.0889473684210527
