1	0.03863003468266625	0.22456140350877193
2	0.0548511430090377	0.1649122807017544
3	0.06578820789347099	0.13450292397660818
4	0.07867750183539651	0.12105263157894737
5	0.08689552163236369	0.10877192982456126
6	0.12162413609782023	0.12690058479532165
7	0.13999227867648914	0.12531328320802002
8	0.15653375863902172	0.12324561403508771
9	0.17073453836611724	0.11968810916179319
10	0.18574998101313886	0.11719298245614038
11	0.19682767524872785	0.11355661881977683
12	0.20806840333156118	0.11023391812865502
13	0.21682362471836147	0.10607287449392691
14	0.22526974000658204	0.10225563909774439
15	0.23118174223437382	0.09801169590643258
16	0.23713551555656825	0.09429824561403509
17	0.24262145262145265	0.09060887512899879
18	0.24787347155768197	0.08732943469785578
19	0.250942254626465	0.08402585410895659
20	0.2536406673248777	0.08070175438596494
