1	0.03207513733829523	0.20701754385964913
2	0.05350396192501451	0.17192982456140352
3	0.06585288980025816	0.14269005847953212
4	0.08115807194754557	0.13157894736842105
5	0.09437039568618509	0.12280701754385955
6	0.12577428419533676	0.13742690058479531
7	0.14830573909521277	0.14035087719298242
8	0.16259006101111367	0.13464912280701755
9	0.1756379585326954	0.12943469785575035
10	0.1860528847370953	0.12350877192982457
11	0.19859421280473913	0.11993620414673055
12	0.20721171615908465	0.11491228070175435
13	0.21609807346649457	0.11093117408906862
14	0.22580301764512295	0.10751879699248125
15	0.23169843801422751	0.10315789473684192
16	0.23810080757449187	0.09956140350877193
17	0.24566694514062953	0.09659442724458184
18	0.24954330270119754	0.0927875243664718
19	0.25877749930381505	0.09085872576177285
20	0.2649067112225006	0.08842105263157893
