1	0.04436837042100198	0.2807017543859649
2	0.0688947504736978	0.21929824561403508
3	0.08522912272912264	0.18362573099415222
4	0.09792938199284941	0.1587719298245614
5	0.10527437274341288	0.13754385964912277
6	0.14163622382662622	0.1549707602339181
7	0.16505579645672525	0.15588972431077702
8	0.183197678940713	0.15219298245614035
9	0.20248179781461514	0.15009746588693954
10	0.21529986668531556	0.14385964912280708
11	0.22795977500311862	0.13875598086124416
12	0.2379814833143007	0.13333333333333333
13	0.24657392401200462	0.12739541160593776
14	0.25646974943414586	0.12305764411027571
15	0.26211047953308025	0.11789473684210507
16	0.269090555986841	0.11359649122807018
17	0.2745224306137621	0.10939112487100079
18	0.27975786769130445	0.10506822612085776
19	0.28323579327449316	0.10101569713758081
20	0.2906988954744374	0.09859649122807024
