1	0.031229741477419488	0.21403508771929824
2	0.05344415474446432	0.1824561403508772
3	0.06794545230507423	0.15789473684210537
4	0.07922827909873695	0.13859649122807016
5	0.08668581181942756	0.12070175438596475
6	0.11860992048705915	0.13742690058479534
7	0.145792143721914	0.14436090225563916
8	0.16236731949213618	0.14210526315789473
9	0.18161573189844332	0.14152046783625727
10	0.1928216896833485	0.1354385964912282
11	0.20614669457182097	0.13173843700159504
12	0.2188467917456023	0.1286549707602339
13	0.23111373532833532	0.12523616734143037
14	0.23955937658561097	0.12080200501253147
15	0.2484039627986182	0.11672514619883023
16	0.2527171380813226	0.11162280701754386
17	0.26077182218863837	0.10856553147574798
18	0.2652751259024683	0.10448343079922036
19	0.2712164944754159	0.10120036934441368
20	0.27553372028848655	0.09771929824561412
