1	0.031142070863433097	0.20350877192982456
2	0.05600273307703641	0.18421052631578946
3	0.07415357833314484	0.16257309941520484
4	0.08720729849212815	0.14385964912280702
5	0.09461609826934896	0.1249122807017543
6	0.12770161554991277	0.1391812865497076
7	0.15219760345147346	0.14285714285714285
8	0.17478732367277264	0.14342105263157895
9	0.18876105948861374	0.13762183235867437
10	0.1967934267315073	0.12947368421052644
11	0.20635195786898586	0.1240829346092505
12	0.2192773268469864	0.12076023391812857
13	0.2321276344341361	0.11848852901484462
14	0.24087011028187502	0.11428571428571435
15	0.2513016572923694	0.11157894736842085
16	0.25882989903113734	0.1081140350877193
17	0.26695150452116395	0.1050567595459234
18	0.274157018305625	0.10194931773879153
19	0.2772581534965435	0.09787626962142205
20	0.28826196450035446	0.09666666666666668
