1	0.023870700449647828	0.14736842105263157
2	0.05601891286101806	0.17192982456140352
3	0.07499843236685336	0.15321637426900586
4	0.08211926475084366	0.12631578947368421
5	0.08607232923022393	0.10666666666666651
6	0.11806624175045224	0.1222222222222223
7	0.1369883333041228	0.12230576441102753
8	0.15573650521018945	0.12280701754385964
9	0.1721438892491525	0.12163742690058467
10	0.1881435231435232	0.1196491228070176
11	0.19963048647259185	0.11578947368421062
12	0.20762804447014982	0.11081871345029237
13	0.21419019576914325	0.1058029689608635
14	0.22199560673244895	0.10175438596491229
15	0.22685776212092013	0.0970760233918127
16	0.23179489126857558	0.09320175438596491
17	0.23775123511965632	0.09019607843137235
18	0.25107878476299544	0.08986354775828462
19	0.2564837501679609	0.08698060941828255
20	0.26067478330636235	0.08403508771929832
