1	0.04436837042100198	0.27485380116959063
2	0.0688947504736978	0.2142857142857143
3	0.08522912272912264	0.17997076023391828
4	0.09792938199284941	0.15633528265107216
5	0.10527437274341288	0.13543859649122805
6	0.10686167433071447	0.11398192450824036
7	0.10686167433071447	0.09786967418546351
8	0.10806468184951146	0.08630229419703103
9	0.10838366111585915	0.0770815928710664
10	0.10896845643749657	0.06970760233918125
11	0.1443278012550458	0.08472886762360454
12	0.1677473738851448	0.0911936704506364
13	0.18468624885033558	0.09341730394361958
14	0.20473743691235954	0.09643846458250892
15	0.21697071046142255	0.09567251461988291
16	0.21993820592891794	0.09232456140350877
17	0.2299599142401	0.09122807017543841
18	0.2385523549378039	0.0892787524366472
19	0.2473621319054756	0.08771929824561399
20	0.25300286200441	0.08561403508771935
