1	0.03171134907977014	0.1935672514619883
2	0.053505811926864495	0.1706766917293233
3	0.06504707767865656	0.14078947368421052
4	0.07561634272160582	0.12446393762183236
5	0.08185137474611151	0.10807017543859627
6	0.08235262787894358	0.09048378522062736
7	0.08270350507192605	0.07794486215538839
8	0.08270350507192605	0.06828609986504723
9	0.08340525945789096	0.0610136452241714
10	0.08563722826880713	0.0559064327485379
11	0.11617673749252687	0.06889952153110056
12	0.14578978526346953	0.07810457516339864
13	0.1686035504456558	0.08371569950517302
14	0.1816967111549156	0.08431605329112256
15	0.1929728716416024	0.08415204678362563
16	0.1942858374282523	0.08070175438596491
17	0.20438598724976442	0.08028895768833831
18	0.21676137015146305	0.08011695906432745
19	0.22829545984344746	0.08014773776546626
20	0.2379151286736426	0.07912280701754389
