1	0.031229741477419488	0.21403508771929824
2	0.05344415474446432	0.1786967418546366
3	0.06794545230507423	0.15423976608187143
4	0.07922827909873695	0.1361598440545809
5	0.08668581181942756	0.11859649122807005
6	0.08762148433404744	0.09962785752259441
7	0.08762148433404744	0.0855472013366749
8	0.08820627965568488	0.07523616734143049
9	0.08864487614691295	0.06722361459203556
10	0.08922967146855038	0.06081871345029232
11	0.12071936075439414	0.07503987240829356
12	0.14790158398924902	0.08434812521499822
13	0.16389196443783374	0.0873594242015293
14	0.18270178035291285	0.09068724442685663
15	0.1940246972021455	0.08999999999999987
16	0.19939078965802126	0.08793859649122807
17	0.21209088683180258	0.08833849329205347
18	0.22435783041453564	0.08810916179337237
19	0.23280347167181123	0.0867959372114497
20	0.24094630349885365	0.08526315789473689
