1	0.03207513733829523	0.204093567251462
2	0.05350396192501451	0.16817042606516291
3	0.06585288980025816	0.13757309941520462
4	0.08115807194754557	0.12621832358674462
5	0.09437039568618509	0.11789473684210516
6	0.09565694539378741	0.09925571504518876
7	0.09609554188501548	0.08567251461988297
8	0.0978889142047036	0.07601214574898785
9	0.0978889142047036	0.06778056251740448
10	0.0978889142047036	0.061169590643274804
11	0.12909787093997618	0.07468102073365238
12	0.15119072934862413	0.08144134846921224
13	0.16418293207766896	0.08194631878842393
14	0.17813460418723576	0.0828122938926263
15	0.18880015695805175	0.08222222222222214
16	0.18539593934330775	0.07763157894736843
17	0.19401344269765325	0.07657378740970057
18	0.20239854687223108	0.07563352826510718
19	0.21119971646287436	0.07460757156048012
20	0.21684451026556292	0.07280701754385965
