1	0.03720316540953658	0.23157894736842105
2	0.06101560053776115	0.18521303258145363
3	0.07626474710269718	0.15540935672514627
4	0.08945618529413536	0.1368421052631579
5	0.09793432508806461	0.12035087719298232
6	0.09952162667536618	0.10154173312068057
7	0.100925135447296	0.08788638262322461
8	0.10338963001705373	0.07847503373819162
9	0.10338963001705373	0.069980506822612
10	0.10409138440301864	0.06339181286549701
11	0.13391764796196937	0.07523923444976081
12	0.1567524818979113	0.08142414860681109
13	0.1741490035049593	0.08412055780476825
14	0.18756043612691825	0.0844215802664557
15	0.19681682301488407	0.08309941520467828
16	0.18901676732009148	0.07609649122807018
17	0.20008623391587388	0.07595459236326094
18	0.2057086232224737	0.07407407407407404
19	0.21525888777273824	0.07313019390581714
20	0.2207937409876469	0.0715789473684211
