1	0.03392161752272555	0.22105263157894736
2	0.04795053515275118	0.15664160401002505
3	0.06219644826293021	0.13859649122807013
4	0.07060863369727628	0.1182261208576998
5	0.0805292376137251	0.10947368421052617
6	0.08258994493759031	0.09261031366294534
7	0.08309119807042238	0.07982456140350866
8	0.08417306941545162	0.07078272604588393
9	0.08534266005872648	0.06354775828460027
10	0.08592745538036392	0.05754385964912274
11	0.11564481225146042	0.07123205741626804
12	0.142253664566684	0.08040935672514621
13	0.16497514694190601	0.08602489128804904
14	0.17691342129707785	0.08633425669436748
15	0.19021360551831462	0.08719298245614024
16	0.19459957043059534	0.08399122807017544
17	0.20360541838381163	0.08276573787409683
18	0.21482399512870418	0.08265107212475631
19	0.223520009794248	0.08180978762696209
20	0.22867753078971914	0.07982456140350877
