1	0.023870700449647828	0.14736842105263157
2	0.05601891286101806	0.16817042606516291
3	0.07499843236685336	0.14736842105263157
4	0.08211926475084366	0.12192982456140351
5	0.08607232923022393	0.10350877192982443
6	0.08607232923022393	0.08649654439128127
7	0.08700800174484381	0.07489557226399325
8	0.08841151051677364	0.06622807017543858
9	0.08841151051677364	0.059008632692843115
10	0.08841151051677364	0.05321637426900577
11	0.12040542303700197	0.06664673046252001
12	0.13928295875664298	0.07122463020295837
13	0.1566276218907798	0.07498875393612224
14	0.1739873868821238	0.07807677087455484
15	0.18998702077649454	0.0797076023391812
16	0.19209080393290928	0.07675438596491228
17	0.1991972452498769	0.07512899896800809
18	0.20575939654887032	0.07348927875243659
19	0.21261242655979506	0.07183748845798703
20	0.21747458194826624	0.06982456140350878
