1	0.03863003468266625	0.2216374269005848
2	0.0548511430090377	0.16240601503759397
3	0.06578820789347099	0.13084795321637427
4	0.07867750183539651	0.11764132553606235
5	0.08689552163236369	0.10631578947368407
6	0.08907318802055637	0.09005847953216377
7	0.08907318802055637	0.07740183792815365
8	0.08951178451178445	0.06815114709851552
9	0.0903889774942406	0.06120857699805058
10	0.0903889774942406	0.05520467836257303
11	0.12329080276448691	0.06899920255183421
12	0.1430624541150856	0.07339181286549708
13	0.160334928229665	0.07630829209776568
14	0.1742433102959418	0.07712702809655723
15	0.1892587529429634	0.07836257309941512
16	0.18921141236930705	0.07478070175438596
17	0.19904863168021053	0.0743034055727553
18	0.20663426242373603	0.07290448343079924
19	0.21449558239031916	0.07165281625115417
20	0.22040758461811089	0.06999999999999999
