1	0.031142070863433097	0.19473684210526315
2	0.05600273307703641	0.17919799498746866
3	0.07415357833314484	0.15818713450292413
4	0.08720729849212815	0.13996101364522415
5	0.09461609826934896	0.12140350877192974
6	0.09461609826934896	0.10143540669856468
7	0.09645820353250686	0.08801169590643267
8	0.09645820353250686	0.07719298245614035
9	0.09704299885414427	0.06900584795321625
10	0.09806639066700978	0.06269005847953212
11	0.1311519079475736	0.07623604465709738
12	0.15454653132671717	0.08324733402132779
13	0.17713625154801632	0.08825910931174073
14	0.19052519204222002	0.0882865057380293
15	0.1978850446652305	0.08590643274853793
16	0.19778318745811016	0.08179824561403509
17	0.20996781569536999	0.08152734778121759
18	0.22281812328251968	0.08206627680311895
19	0.2315605991302587	0.08088642659279781
20	0.2416412689477705	0.08035087719298252
