1	0.03152154375838586	0.19649122807017544
2	0.05282448545606434	0.1711779448621554
3	0.06727229541471022	0.14459064327485383
4	0.07406079444005136	0.12027290448343078
5	0.08093246708571782	0.10631578947368407
6	0.08285950690749445	0.09005847953216385
7	0.08285950690749445	0.07740183792815365
8	0.08672890261899545	0.06977058029689608
9	0.08672890261899545	0.062211083263714724
10	0.08851670545942986	0.056842105263157805
11	0.11965374093857062	0.07139154704944185
12	0.14214179038482452	0.07843137254901954
13	0.15946590876157443	0.08194631878842394
14	0.1714097836001861	0.08167787890779582
15	0.1836428151598431	0.08280701754385955
16	0.1778199246001104	0.07719298245614035
17	0.18594649101615052	0.07595459236326094
18	0.1970870950514915	0.07660818713450292
19	0.205101702276625	0.07534626038781161
20	0.21395730086906564	0.07456140350877194
