1	0,281	0,000	0,000	0,000	
2	0,368	0,070	0,000	0,000	
3	0,428	0,112	0,011	0,000	
4	0,467	0,147	0,021	0,000	
5	0,488	0,172	0,028	0,000	
6	0,547	0,274	0,084	0,025	
7	0,582	0,333	0,126	0,035	
8	0,596	0,372	0,161	0,063	
9	0,607	0,421	0,207	0,084	
10	0,618	0,435	0,239	0,102	
11	0,625	0,453	0,253	0,130	
12	0,628	0,463	0,281	0,140	
13	0,642	0,470	0,302	0,147	
14	0,649	0,484	0,309	0,168	
15	0,653	0,488	0,319	0,172	
16	0,660	0,495	0,330	0,179	
17	0,670	0,498	0,333	0,189	
18	0,670	0,505	0,347	0,196	
19	0,670	0,505	0,358	0,200	
20	0,677	0,516	0,361	0,207	
