1	0,204	0,000	0,000	0,000	
2	0,323	0,046	0,000	0,000	
3	0,382	0,088	0,018	0,000	
4	0,421	0,119	0,032	0,004	
5	0,439	0,144	0,039	0,004	
6	0,505	0,221	0,091	0,018	
7	0,533	0,288	0,133	0,042	
8	0,547	0,340	0,179	0,070	
9	0,558	0,365	0,189	0,098	
10	0,568	0,368	0,204	0,112	
11	0,572	0,368	0,225	0,123	
12	0,586	0,382	0,253	0,140	
13	0,604	0,400	0,274	0,147	
14	0,607	0,411	0,281	0,158	
15	0,628	0,421	0,291	0,168	
16	0,632	0,435	0,302	0,182	
17	0,639	0,439	0,323	0,189	
18	0,642	0,442	0,333	0,211	
19	0,642	0,446	0,340	0,211	
20	0,649	0,460	0,361	0,225	
