1	0,221	0,000	0,000	0,000	
2	0,291	0,025	0,000	0,000	
3	0,344	0,070	0,011	0,000	
4	0,372	0,084	0,018	0,007	
5	0,400	0,109	0,032	0,011	
6	0,474	0,218	0,056	0,014	
7	0,519	0,277	0,105	0,028	
8	0,547	0,319	0,161	0,053	
9	0,561	0,333	0,193	0,067	
10	0,575	0,354	0,221	0,098	
11	0,593	0,382	0,235	0,119	
12	0,600	0,396	0,249	0,144	
13	0,607	0,411	0,270	0,161	
14	0,611	0,425	0,284	0,182	
15	0,611	0,432	0,284	0,196	
16	0,611	0,439	0,291	0,200	
17	0,618	0,446	0,298	0,200	
18	0,625	0,449	0,312	0,207	
19	0,628	0,449	0,323	0,221	
20	0,635	0,453	0,337	0,228	
