1	0,196	0,000	0,000	0,000	
2	0,284	0,063	0,000	0,000	
3	0,361	0,084	0,004	0,000	
4	0,379	0,105	0,011	0,000	
5	0,396	0,126	0,021	0,000	
6	0,453	0,211	0,088	0,018	
7	0,495	0,253	0,133	0,035	
8	0,537	0,295	0,154	0,070	
9	0,547	0,312	0,179	0,081	
10	0,561	0,344	0,200	0,105	
11	0,568	0,361	0,221	0,123	
12	0,579	0,372	0,235	0,126	
13	0,582	0,393	0,249	0,147	
14	0,593	0,404	0,270	0,154	
15	0,604	0,414	0,288	0,161	
16	0,607	0,414	0,291	0,165	
17	0,621	0,421	0,302	0,172	
18	0,621	0,432	0,312	0,179	
19	0,625	0,446	0,312	0,186	
20	0,632	0,456	0,326	0,189	
