1	0,232	0,000	0,000	0,000	
2	0,323	0,053	0,000	0,000	
3	0,372	0,095	0,011	0,000	
4	0,418	0,126	0,014	0,007	
5	0,435	0,161	0,018	0,007	
6	0,512	0,218	0,070	0,014	
7	0,544	0,274	0,112	0,032	
8	0,582	0,305	0,140	0,053	
9	0,586	0,323	0,161	0,074	
10	0,596	0,351	0,175	0,077	
11	0,618	0,361	0,193	0,081	
12	0,635	0,379	0,211	0,102	
13	0,642	0,386	0,225	0,119	
14	0,649	0,400	0,239	0,133	
15	0,649	0,404	0,260	0,144	
16	0,649	0,421	0,277	0,147	
17	0,656	0,428	0,281	0,161	
18	0,656	0,435	0,295	0,168	
19	0,660	0,435	0,305	0,179	
20	0,667	0,435	0,305	0,186	
