1	0,207	0,000	0,000	0,000	
2	0,295	0,049	0,000	0,000	
3	0,351	0,070	0,007	0,000	
4	0,386	0,116	0,021	0,004	
5	0,414	0,154	0,042	0,004	
6	0,467	0,253	0,084	0,021	
7	0,505	0,281	0,140	0,049	
8	0,530	0,295	0,172	0,067	
9	0,537	0,309	0,186	0,098	
10	0,540	0,337	0,196	0,112	
11	0,547	0,368	0,218	0,116	
12	0,554	0,386	0,232	0,116	
13	0,561	0,404	0,242	0,133	
14	0,579	0,414	0,260	0,140	
15	0,582	0,432	0,270	0,140	
16	0,596	0,439	0,281	0,144	
17	0,611	0,439	0,298	0,154	
18	0,611	0,446	0,309	0,158	
19	0,614	0,453	0,330	0,172	
20	0,621	0,453	0,340	0,186	
