1	0,225	0,000	0,000	0,000	
2	0,288	0,042	0,000	0,000	
3	0,319	0,074	0,011	0,000	
4	0,361	0,102	0,021	0,000	
5	0,389	0,119	0,032	0,004	
6	0,449	0,214	0,081	0,018	
7	0,481	0,253	0,112	0,028	
8	0,505	0,288	0,147	0,039	
9	0,519	0,326	0,158	0,060	
10	0,519	0,344	0,186	0,084	
11	0,523	0,358	0,200	0,098	
12	0,533	0,361	0,221	0,116	
13	0,547	0,365	0,232	0,130	
14	0,561	0,365	0,246	0,147	
15	0,561	0,368	0,256	0,154	
16	0,565	0,375	0,263	0,168	
17	0,575	0,382	0,267	0,175	
18	0,579	0,389	0,270	0,179	
19	0,579	0,396	0,277	0,179	
20	0,579	0,400	0,277	0,186	
