1	0,147	0,000	0,000	0,000	
2	0,305	0,039	0,000	0,000	
3	0,372	0,081	0,007	0,000	
4	0,396	0,095	0,014	0,000	
5	0,404	0,112	0,018	0,000	
6	0,470	0,196	0,060	0,007	
7	0,505	0,239	0,084	0,028	
8	0,523	0,295	0,112	0,046	
9	0,530	0,326	0,158	0,063	
10	0,540	0,365	0,175	0,088	
11	0,544	0,372	0,200	0,116	
12	0,558	0,375	0,225	0,119	
13	0,568	0,382	0,232	0,137	
14	0,575	0,396	0,242	0,144	
15	0,575	0,411	0,246	0,147	
16	0,579	0,418	0,249	0,158	
17	0,582	0,425	0,256	0,161	
18	0,600	0,439	0,281	0,179	
19	0,604	0,449	0,281	0,182	
20	0,614	0,453	0,288	0,186	
