1	0,196	0,000	0,000	0,000	
2	0,305	0,039	0,000	0,000	
3	0,361	0,056	0,007	0,000	
4	0,400	0,084	0,014	0,004	
5	0,418	0,105	0,014	0,007	
6	0,467	0,211	0,042	0,011	
7	0,519	0,256	0,098	0,021	
8	0,544	0,291	0,151	0,049	
9	0,558	0,305	0,168	0,074	
10	0,579	0,323	0,186	0,109	
11	0,614	0,351	0,211	0,123	
12	0,628	0,389	0,221	0,130	
13	0,635	0,418	0,239	0,144	
14	0,653	0,432	0,256	0,158	
15	0,653	0,449	0,270	0,175	
16	0,660	0,453	0,277	0,175	
17	0,670	0,467	0,291	0,189	
18	0,705	0,505	0,298	0,193	
19	0,709	0,509	0,309	0,193	
20	0,716	0,512	0,330	0,196	
