1	0,214	0,000	0,000	0,000	
2	0,298	0,067	0,000	0,000	
3	0,351	0,102	0,021	0,000	
4	0,379	0,133	0,035	0,007	
5	0,407	0,140	0,046	0,011	
6	0,477	0,207	0,098	0,035	
7	0,519	0,263	0,137	0,067	
8	0,540	0,298	0,175	0,077	
9	0,568	0,340	0,196	0,102	
10	0,575	0,354	0,221	0,109	
11	0,593	0,375	0,232	0,130	
12	0,607	0,389	0,246	0,165	
13	0,621	0,400	0,260	0,179	
14	0,625	0,407	0,277	0,182	
15	0,628	0,425	0,288	0,196	
16	0,635	0,425	0,295	0,207	
17	0,646	0,435	0,305	0,211	
18	0,649	0,435	0,312	0,218	
19	0,649	0,456	0,319	0,221	
20	0,653	0,463	0,323	0,225	
