1	0.09090909090909091	1.0
2	0.18181818181818182	1.0
3	0.18181818181818182	0.6666666666666666
4	0.18181818181818182	0.5
5	0.2727272727272727	0.6
6	0.2727272727272727	0.5
7	0.2727272727272727	0.42857142857142855
8	0.2727272727272727	0.375
9	0.2727272727272727	0.3333333333333333
10	0.2727272727272727	0.3
11	0.36363636363636365	0.36363636363636365
12	0.36363636363636365	0.3333333333333333
13	0.36363636363636365	0.3076923076923077
14	0.36363636363636365	0.2857142857142857
15	0.36363636363636365	0.26666666666666666
16	0.45454545454545453	0.3125
17	0.5454545454545454	0.35294117647058826
18	0.6363636363636364	0.3888888888888889
19	0.6363636363636364	0.3684210526315789
20	0.6363636363636364	0.35
