1	0.07692307692307693	1.0
2	0.07692307692307693	0.5
3	0.07692307692307693	0.3333333333333333
4	0.07692307692307693	0.25
5	0.07692307692307693	0.2
6	0.07692307692307693	0.16666666666666666
7	0.07692307692307693	0.14285714285714285
8	0.07692307692307693	0.125
9	0.15384615384615385	0.2222222222222222
10	0.15384615384615385	0.2
11	0.15384615384615385	0.18181818181818182
12	0.23076923076923078	0.25
13	0.3076923076923077	0.3076923076923077
14	0.3076923076923077	0.2857142857142857
15	0.3076923076923077	0.26666666666666666
16	0.3076923076923077	0.25
17	0.38461538461538464	0.29411764705882354
18	0.46153846153846156	0.3333333333333333
19	0.5384615384615384	0.3684210526315789
20	0.5384615384615384	0.35
