1	0.0	0.0
2	0.07692307692307693	0.5
3	0.15384615384615385	0.6666666666666666
4	0.23076923076923078	0.75
5	0.3076923076923077	0.8
6	0.38461538461538464	0.8333333333333334
7	0.38461538461538464	0.7142857142857143
8	0.38461538461538464	0.625
9	0.46153846153846156	0.6666666666666666
10	0.5384615384615384	0.7
11	0.5384615384615384	0.6363636363636364
12	0.5384615384615384	0.5833333333333334
13	0.5384615384615384	0.5384615384615384
14	0.5384615384615384	0.5
15	0.5384615384615384	0.4666666666666667
16	0.5384615384615384	0.4375
17	0.6153846153846154	0.47058823529411764
18	0.6153846153846154	0.4444444444444444
19	0.6923076923076923	0.47368421052631576
20	0.6923076923076923	0.45
