1	0.07692307692307693	1.0
2	0.07692307692307693	0.5
3	0.07692307692307693	0.3333333333333333
4	0.15384615384615385	0.5
5	0.15384615384615385	0.4
6	0.15384615384615385	0.3333333333333333
7	0.15384615384615385	0.2857142857142857
8	0.15384615384615385	0.25
9	0.23076923076923078	0.3333333333333333
10	0.3076923076923077	0.4
11	0.3076923076923077	0.36363636363636365
12	0.3076923076923077	0.3333333333333333
13	0.3076923076923077	0.3076923076923077
14	0.38461538461538464	0.35714285714285715
15	0.38461538461538464	0.3333333333333333
16	0.46153846153846156	0.375
17	0.46153846153846156	0.35294117647058826
18	0.5384615384615384	0.3888888888888889
19	0.5384615384615384	0.3684210526315789
20	0.5384615384615384	0.35
